0.02	106	2	0.8273
0.02	76	94	0.8363
0.02	49	69	0.8507
0.02	111	41	0.8437
0.02	95	31	0.8462
0.02	110	66	0.8511
0.02	44	47	0.8372
0.02	90	23	0.8433
0.02	105	42	0.8388
0.02	37	52	0.8478
0.02	19	48	0.8458
0.02	87	82	0.8429
0.02	6	117	0.8396
0.02	86	6	0.8244
0.02	106	0	0.8175
0.02	1	41	0.8363
0.02	45	73	0.8421
0.02	25	106	0.8249
0.02	27	46	0.8355
0.02	96	59	0.8343
0.02	84	10	0.8400
0.02	59	30	0.8495
0.02	127	55	0.8388
0.02	47	65	0.8277
0.02	111	33	0.8462
0.02	10	42	0.8421
0.02	77	2	0.8470
0.02	38	58	0.8302
0.02	89	87	0.8208
0.02	40	98	0.8302
0.02	82	3	0.8536
0.02	12	15	0.8322
0.02	113	20	0.8368
0.02	99	45	0.8257
0.02	2	94	0.8507
0.02	55	31	0.8380
0.02	123	15	0.8269
0.02	3	125	0.8417
0.02	83	107	0.8384
0.02	51	93	0.8162
0.02	30	38	0.8355
0.02	20	126	0.8409
0.02	42	85	0.8523
0.02	59	52	0.8351
0.02	41	73	0.8462
0.02	38	23	0.8445
0.02	0	37	0.8257
0.02	0	126	0.8470
0.02	47	24	0.8372
0.02	67	103	0.8359
0.03	16	117	106	0.8380
0.03	46	62	47	0.8433
0.03	6	95	84	0.8384
0.03	45	101	63	0.8404
0.03	105	106	83	0.8454
0.03	30	17	117	0.8400
0.03	49	51	34	0.8347
0.03	59	84	74	0.8396
0.03	32	15	66	0.8318
0.03	109	11	93	0.8359
0.03	27	17	39	0.8540
0.03	95	9	70	0.8519
0.03	113	94	102	0.8437
0.03	78	114	67	0.8314
0.03	79	126	122	0.8257
0.03	12	67	114	0.8417
0.03	7	56	88	0.8310
0.03	34	0	21	0.8384
0.03	7	28	48	0.8425
0.03	101	125	46	0.8491
0.03	69	89	53	0.8388
0.03	76	80	99	0.8368
0.03	19	77	94	0.8445
0.03	10	107	48	0.8474
0.03	41	20	36	0.8400
0.03	78	59	85	0.8470
0.03	108	51	3	0.8466
0.03	38	29	8	0.8392
0.03	87	100	81	0.8486
0.03	10	61	25	0.8277
0.03	124	38	52	0.8310
0.03	66	91	40	0.8454
0.03	72	9	23	0.8466
0.03	24	53	104	0.8257
0.03	3	38	83	0.8326
0.03	41	117	106	0.8281
0.03	112	6	95	0.8351
0.03	7	99	90	0.8380
0.03	4	81	120	0.8417
0.03	112	11	81	0.8150
0.03	80	99	76	0.8368
0.03	32	97	14	0.8409
0.03	28	124	30	0.8433
0.03	24	44	8	0.8331
0.03	13	79	55	0.8466
0.03	24	117	127	0.8445
0.03	120	15	108	0.8314
0.03	56	84	41	0.8413
0.03	98	61	120	0.8302
0.03	46	53	54	0.8331
0.04	40	116	3	49	18	0.8302
0.04	17	31	24	67	60	0.8195
0.04	54	71	57	127	94	0.8445
0.04	114	103	63	115	27	0.8404
0.04	7	94	61	102	126	0.8519
0.04	21	107	119	28	83	0.8384
0.04	63	113	77	108	31	0.8249
0.04	43	55	98	67	45	0.8331
0.04	1	70	6	122	85	0.8273
0.04	51	77	7	101	93	0.8355
0.04	55	64	58	23	52	0.8470
0.04	64	1	4	38	34	0.8400
0.04	84	54	32	78	73	0.8511
0.04	7	53	109	100	102	0.8413
0.04	112	71	72	18	122	0.8368
0.04	123	40	108	12	25	0.8536
0.04	30	68	80	105	100	0.8318
0.04	122	23	99	31	110	0.8236
0.04	58	1	117	39	3	0.8343
0.04	91	40	69	36	99	0.8318
0.04	41	79	82	80	110	0.8404
0.04	10	90	62	117	6	0.8499
0.04	88	100	127	35	95	0.8285
0.04	76	33	127	115	2	0.8388
0.04	119	94	59	104	120	0.8384
0.04	57	87	125	75	58	0.8331
0.04	106	81	24	38	47	0.8285
0.04	11	31	99	32	94	0.8310
0.04	16	51	55	0	24	0.8208
0.04	86	66	63	70	79	0.8314
0.04	88	80	100	5	30	0.8347
0.04	112	80	60	65	25	0.8339
0.04	43	74	15	32	36	0.8372
0.04	50	68	54	65	91	0.8495
0.04	12	20	36	59	11	0.8429
0.04	35	5	9	36	96	0.8359
0.04	108	107	6	44	39	0.8454
0.04	36	125	26	91	19	0.8388
0.04	39	5	18	90	33	0.8322
0.04	92	87	54	75	50	0.8249
0.04	84	103	18	41	64	0.8482
0.04	120	43	33	98	6	0.8400
0.04	113	37	65	34	39	0.8417
0.04	64	65	74	0	94	0.8298
0.04	102	51	96	25	27	0.8380
0.04	43	118	47	19	27	0.8368
0.04	27	105	38	11	114	0.8368
0.04	30	103	66	73	33	0.8240
0.04	57	45	25	109	37	0.8368
0.04	71	62	30	80	101	0.8380
0.05	67	54	95	99	79	1	0.8523
0.05	74	110	115	107	124	26	0.8388
0.05	121	56	11	89	44	48	0.8310
0.05	56	19	53	45	33	44	0.8343
0.05	1	26	33	3	15	66	0.8556
0.05	31	76	3	123	57	86	0.8376
0.05	23	6	3	105	25	79	0.8343
0.05	113	17	18	98	39	115	0.8491
0.05	83	120	36	96	63	105	0.8265
0.05	36	110	91	57	99	3	0.8359
0.05	118	88	30	122	94	69	0.8491
0.05	19	51	6	26	103	82	0.8376
0.05	126	46	61	68	109	6	0.8413
0.05	37	31	43	97	59	27	0.8191
0.05	48	104	3	114	107	84	0.8314
0.05	99	107	69	104	13	47	0.8429
0.05	24	93	113	2	78	12	0.8285
0.05	118	26	114	111	33	10	0.8433
0.05	21	42	39	112	7	81	0.8277
0.05	105	83	87	125	67	82	0.8294
0.05	108	20	45	63	125	123	0.8363
0.05	22	86	68	81	123	88	0.8540
0.05	79	90	46	86	19	26	0.8347
0.05	117	111	115	52	109	57	0.8470
0.05	62	90	117	81	111	104	0.8437
0.05	24	6	90	112	5	62	0.8216
0.05	9	36	95	0	49	6	0.8396
0.05	74	101	46	51	84	81	0.8244
0.05	87	108	62	49	119	0	0.8355
0.05	59	58	113	45	10	119	0.8413
0.05	35	34	119	90	58	82	0.8388
0.05	7	25	40	34	31	30	0.8351
0.05	84	111	85	89	53	98	0.8462
0.05	22	109	50	113	53	29	0.8409
0.05	40	45	95	28	31	70	0.8273
0.05	36	87	56	122	7	67	0.8347
0.05	71	124	85	0	83	6	0.8421
0.05	93	62	5	16	44	56	0.8064
0.05	92	74	114	118	8	9	0.8343
0.05	18	23	82	55	108	83	0.8216
0.05	4	27	51	77	35	34	0.8322
0.05	107	49	119	84	42	94	0.8285
0.05	33	91	57	114	109	126	0.8351
0.05	77	63	110	21	105	47	0.8437
0.05	2	86	70	124	3	80	0.8322
0.05	109	65	123	27	86	55	0.8413
0.05	1	2	95	34	40	47	0.8294
0.05	78	103	23	115	21	91	0.8162
0.05	97	28	107	19	27	42	0.8507
0.05	9	41	80	14	50	63	0.8458
0.1	54	28	102	38	94	97	72	18	6	83	81	116	0.8388
0.1	25	78	0	50	70	95	7	68	92	1	113	108	0.8470
0.1	123	3	29	18	24	101	72	26	95	111	23	88	0.8441
0.1	106	17	84	0	86	4	50	104	23	80	68	85	0.8335
0.1	76	1	124	46	12	98	73	22	61	69	100	2	0.8441
0.1	98	99	72	18	13	24	29	21	59	38	0	63	0.8400
0.1	50	47	90	81	18	60	5	97	91	20	118	67	0.8433
0.1	120	53	108	31	51	113	79	118	62	103	93	65	0.8339
0.1	100	106	23	2	84	29	64	70	69	34	109	116	0.8388
0.1	66	22	99	65	104	5	82	98	73	40	85	43	0.8552
0.1	61	40	93	30	92	48	63	105	36	90	14	113	0.8363
0.1	91	19	6	127	124	21	40	77	49	76	56	32	0.8314
0.1	112	39	21	91	19	5	45	32	13	22	47	87	0.8503
0.1	82	21	4	20	75	97	33	112	78	118	109	65	0.8450
0.1	121	40	32	22	102	98	87	103	99	14	0	64	0.8491
0.1	71	64	2	47	105	111	106	40	11	80	108	125	0.8339
0.1	120	52	58	68	98	72	24	104	17	86	28	39	0.8404
0.1	100	16	65	33	88	36	12	29	79	67	53	108	0.8491
0.1	13	73	88	43	54	77	120	37	84	95	48	12	0.8191
0.1	109	11	5	44	70	102	64	66	79	22	127	101	0.8249
0.1	53	59	44	64	10	38	82	113	109	12	49	17	0.8400
0.1	72	113	3	41	123	12	20	19	48	103	29	67	0.8326
0.1	87	31	82	14	54	9	98	106	43	5	126	4	0.8257
0.1	112	80	47	12	126	75	103	113	25	67	56	93	0.8359
0.1	21	37	100	35	20	126	90	88	119	121	75	92	0.8421
0.1	38	20	61	41	71	89	13	37	57	105	35	125	0.8355
0.1	95	16	4	7	27	110	66	105	70	10	33	29	0.8527
0.1	98	85	19	2	77	11	54	49	79	61	115	1	0.8326
0.1	106	39	40	94	0	61	107	38	51	59	57	9	0.8437
0.1	107	60	97	36	55	17	16	98	75	91	46	49	0.8240
0.1	55	113	117	79	124	93	126	9	81	68	41	57	0.8331
0.1	93	125	49	115	26	38	85	42	58	50	107	11	0.8429
0.1	72	11	34	95	43	103	127	25	75	110	106	51	0.8154
0.1	116	64	124	1	11	15	21	92	45	22	80	31	0.8466
0.1	98	35	0	31	47	45	116	37	71	83	94	56	0.8433
0.1	110	72	100	47	54	12	116	84	32	115	99	75	0.8269
0.1	39	37	104	81	127	67	17	66	63	86	12	2	0.8257
0.1	21	115	83	52	15	27	49	127	100	122	19	93	0.8486
0.1	16	63	68	51	115	124	37	92	71	105	10	72	0.8380
0.1	29	70	24	113	122	63	53	69	18	67	22	76	0.8400
0.1	50	84	9	79	22	78	66	123	81	3	120	21	0.8285
0.1	2	70	119	0	15	25	113	108	85	58	101	63	0.8380
0.1	106	69	63	122	70	18	115	19	5	90	108	32	0.8392
0.1	31	22	68	34	29	73	117	16	127	101	118	123	0.8507
0.1	9	100	37	26	79	53	28	59	92	110	113	24	0.8454
0.1	127	29	111	30	108	62	15	125	57	51	122	27	0.8351
0.1	85	114	20	0	4	106	80	77	11	76	32	82	0.8400
0.1	77	73	38	39	9	69	110	125	16	80	34	114	0.8474
0.1	61	68	32	28	93	15	126	7	81	57	10	67	0.8244
0.1	5	29	46	21	119	13	17	48	126	118	91	68	0.8285
0.15	10	126	19	70	3	20	74	105	84	49	54	67	125	48	88	58	80	1	60	0.8413
0.15	77	70	93	75	80	124	69	98	86	12	5	117	114	65	49	60	73	122	24	0.8536
0.15	33	102	110	60	44	112	43	107	77	11	26	115	81	80	103	87	101	100	34	0.8400
0.15	80	23	53	78	108	94	38	48	52	113	65	3	72	17	124	18	100	31	26	0.8552
0.15	14	116	25	97	20	3	90	103	119	102	61	32	38	83	121	78	48	10	16	0.8240
0.15	38	120	9	0	34	95	84	18	2	35	44	77	26	90	19	73	25	67	13	0.8368
0.15	5	27	76	102	108	7	6	14	113	73	64	46	58	75	115	71	48	15	84	0.8396
0.15	77	50	17	119	22	84	102	13	99	126	80	34	89	95	82	1	38	115	26	0.8335
0.15	112	44	77	43	111	25	102	20	47	127	70	93	16	72	125	50	0	23	18	0.8396
0.15	18	119	73	127	27	47	87	107	90	116	114	118	15	84	35	8	25	6	63	0.8162
0.15	23	75	57	4	52	17	54	62	47	112	24	126	121	73	104	8	39	49	115	0.8199
0.15	33	117	126	46	42	51	75	65	28	90	27	8	84	112	7	74	64	19	87	0.8298
0.15	44	9	119	88	53	102	60	97	123	8	30	66	93	54	7	68	124	76	105	0.8203
0.15	22	53	93	59	100	34	46	38	20	12	119	30	17	71	11	14	15	121	48	0.8195
0.15	121	16	63	41	122	44	119	64	82	85	75	47	66	101	20	28	116	111	57	0.8486
0.15	126	116	104	83	101	1	26	118	10	35	94	127	13	110	61	33	28	50	98	0.8376
0.15	71	33	10	121	107	109	90	36	98	120	51	55	56	95	58	16	31	54	30	0.8244
0.15	10	14	87	125	80	40	38	33	127	35	13	23	42	79	76	26	108	17	54	0.8400
0.15	16	4	83	61	43	109	126	23	95	96	121	113	77	25	122	60	125	2	15	0.8351
0.15	19	12	0	115	2	50	118	108	70	14	45	105	54	17	71	61	126	95	24	0.8441
0.15	121	116	127	34	63	65	100	115	81	23	111	13	12	119	83	104	74	49	64	0.8470
0.15	25	124	66	78	70	5	35	16	94	36	121	67	13	73	10	91	3	86	61	0.8437
0.15	5	112	7	85	21	42	63	77	93	24	39	115	104	65	70	84	30	94	33	0.8486
0.15	57	101	66	114	77	17	5	88	81	62	58	94	110	85	105	109	49	28	90	0.8302
0.15	122	28	112	18	44	94	74	32	104	75	34	10	71	72	99	106	29	6	70	0.8261
0.15	1	117	79	119	99	62	25	76	40	4	16	71	75	84	17	105	56	23	52	0.8482
0.15	18	45	115	106	47	73	120	99	25	41	64	53	24	93	44	57	30	79	28	0.8478
0.15	120	74	15	77	107	1	31	118	6	25	96	104	41	24	89	10	101	86	0	0.8462
0.15	90	55	32	119	93	44	81	15	28	71	26	6	19	0	37	43	112	34	88	0.8388
0.15	102	117	1	96	24	100	77	99	25	97	17	85	73	76	37	116	2	21	52	0.8171
0.15	17	61	65	85	105	25	115	7	47	108	42	127	52	126	93	109	57	10	58	0.8441
0.15	44	8	17	100	5	94	72	70	14	75	74	34	68	29	80	51	64	102	62	0.8462
0.15	21	127	37	25	41	54	83	34	95	48	26	22	2	51	96	114	103	50	15	0.8523
0.15	1	55	22	46	115	111	34	100	74	84	118	68	23	123	72	42	64	11	81	0.8322
0.15	101	2	59	108	106	99	41	10	52	86	84	65	27	79	89	113	63	56	40	0.8380
0.15	87	15	83	92	21	11	3	33	75	93	70	104	44	78	13	114	66	7	17	0.8335
0.15	80	52	119	27	41	81	98	28	4	2	63	51	93	85	66	14	38	112	118	0.8515
0.15	47	44	89	98	75	104	9	67	90	38	106	41	122	16	15	20	110	19	87	0.8347
0.15	25	51	13	88	5	61	14	57	77	19	89	97	29	70	109	68	107	80	58	0.8491
0.15	33	91	103	69	67	0	118	60	16	43	52	121	12	41	100	32	39	7	3	0.8548
0.15	122	88	124	84	46	59	121	0	67	12	98	11	81	90	31	65	18	37	23	0.8437
0.15	57	54	0	73	15	11	81	55	33	98	61	121	116	45	104	122	87	65	22	0.8331
0.15	34	52	37	69	115	80	15	67	16	61	84	93	18	98	47	27	90	55	6	0.8310
0.15	117	13	5	123	90	112	73	35	79	18	37	48	89	127	9	75	109	63	61	0.8339
0.15	109	71	49	4	53	97	72	98	111	100	63	74	96	104	41	67	19	36	61	0.8290
0.15	123	41	81	76	7	73	59	99	69	101	21	5	61	9	109	108	86	39	27	0.8343
0.15	1	2	45	72	120	74	85	37	93	127	18	68	16	48	33	14	97	30	119	0.8396
0.15	42	80	12	49	81	65	67	95	87	86	126	62	47	112	9	8	61	119	96	0.8306
0.15	104	121	38	118	33	82	74	1	79	58	86	49	113	89	41	37	45	76	51	0.8314
0.15	48	75	3	45	66	26	67	123	64	102	34	79	119	44	57	121	110	127	11	0.8376
0.2	26	15	89	121	106	87	112	65	109	18	34	68	124	11	5	51	67	19	97	49	21	83	107	127	53	0.8335
0.2	25	1	34	124	29	46	40	102	5	37	18	125	119	114	92	26	60	101	10	8	47	123	90	56	81	0.8429
0.2	43	39	91	102	110	38	86	24	94	80	90	61	113	62	54	71	123	85	22	116	13	25	18	29	5	0.8294
0.2	21	54	77	52	11	30	10	33	111	70	109	119	71	86	93	63	59	97	0	68	96	32	57	99	43	0.8450
0.2	17	86	3	0	43	54	19	1	121	70	57	80	20	53	106	68	72	98	113	92	46	81	107	78	36	0.8265
0.2	90	42	87	69	107	50	38	79	99	28	77	12	92	46	60	76	31	29	105	115	100	103	108	17	104	0.8355
0.2	121	63	64	2	35	81	56	95	114	45	3	36	115	47	118	89	122	65	108	59	120	105	93	100	101	0.8413
0.2	25	99	46	31	90	13	4	41	82	36	48	19	71	83	110	112	68	95	97	6	55	53	52	123	14	0.8429
0.2	14	30	71	75	43	111	88	1	77	59	124	114	99	0	38	16	118	101	73	9	25	94	13	127	104	0.8507
0.2	123	54	121	88	113	107	100	56	104	0	41	93	70	79	109	102	57	10	114	21	19	26	65	122	17	0.8347
0.2	53	28	50	22	77	80	125	27	49	79	9	72	60	66	64	95	82	99	4	91	13	105	110	112	96	0.8417
0.2	114	102	42	67	78	47	0	50	91	98	103	73	82	46	89	97	118	123	65	31	41	49	115	5	35	0.8396
0.2	89	70	47	14	57	58	18	69	15	77	126	104	107	21	27	96	88	54	65	93	51	85	71	40	100	0.8343
0.2	93	84	47	49	20	60	112	106	9	95	34	65	105	109	82	70	74	119	79	113	126	7	18	58	96	0.8285
0.2	8	122	119	93	98	120	53	101	105	44	97	78	24	83	74	43	12	82	84	50	125	27	85	38	15	0.8417
0.2	93	42	123	126	52	124	28	116	104	21	29	7	65	3	110	9	53	115	57	22	35	0	92	80	38	0.8388
0.2	109	73	49	111	69	12	108	93	113	95	114	59	119	41	6	18	112	44	19	10	80	75	110	36	103	0.8495
0.2	11	123	5	41	72	112	76	102	92	79	100	87	36	71	73	48	101	16	29	122	56	10	125	126	59	0.8392
0.2	90	113	126	71	42	101	124	68	44	36	11	125	122	60	64	84	41	67	79	82	78	39	5	111	70	0.8339
0.2	64	81	62	71	20	10	66	60	13	100	106	22	80	84	3	25	73	58	67	45	54	88	41	113	126	0.8261
0.2	78	109	51	79	44	89	0	107	98	120	40	15	11	101	42	45	80	104	124	102	26	82	77	13	70	0.8363
0.2	35	47	78	96	55	116	109	68	120	2	66	34	10	85	38	52	112	80	83	20	70	104	42	25	54	0.8413
0.2	5	87	115	56	32	79	54	109	67	78	63	10	125	45	47	84	14	20	18	70	21	98	81	110	65	0.8421
0.2	54	49	100	63	89	16	99	110	15	58	24	122	30	120	86	5	39	109	36	34	72	25	42	61	48	0.8363
0.2	25	35	71	65	31	85	123	41	43	77	117	60	72	124	27	36	28	0	94	47	15	111	126	64	67	0.8310
0.2	109	100	13	57	88	55	119	91	92	85	16	115	59	98	36	83	75	96	82	87	124	23	8	56	15	0.8429
0.2	37	43	53	34	102	57	44	86	82	122	41	42	78	76	48	126	52	15	67	17	93	91	60	27	2	0.8195
0.2	46	127	102	61	10	78	82	44	109	63	97	117	31	54	48	17	108	74	126	83	23	1	26	91	39	0.8171
0.2	2	107	100	68	30	5	117	70	62	4	17	64	124	118	3	51	54	83	63	122	102	57	58	97	123	0.8331
0.2	107	35	27	81	79	1	122	8	41	105	94	70	77	97	61	34	120	3	123	111	5	40	87	73	104	0.8388
0.2	99	86	44	14	89	101	85	58	114	100	122	93	18	121	67	52	78	32	119	109	92	60	77	19	53	0.8429
0.2	5	55	82	105	77	68	65	11	47	109	107	95	52	108	81	111	23	50	3	27	123	110	30	84	4	0.8445
0.2	83	66	21	91	88	63	115	79	68	59	69	22	93	81	80	14	11	26	111	4	86	5	87	1	36	0.8409
0.2	47	124	60	91	41	76	125	18	81	92	25	72	7	103	82	15	95	85	75	111	90	38	99	78	96	0.8162
0.2	76	37	10	101	51	41	85	73	66	9	61	59	84	52	97	38	7	115	44	87	100	31	0	117	39	0.8425
0.2	21	46	96	22	50	47	17	64	10	93	37	124	88	11	70	115	28	60	78	20	44	2	86	98	106	0.8368
0.2	20	45	27	12	105	15	46	109	91	22	103	101	102	40	9	127	28	54	63	85	114	113	64	41	98	0.8310
0.2	3	78	64	120	57	23	20	7	99	28	4	121	50	113	127	34	79	59	109	33	92	105	91	107	25	0.8232
0.2	61	33	58	39	72	24	82	121	89	106	16	4	99	43	36	28	93	124	112	123	51	6	77	30	13	0.8331
0.2	111	66	92	56	17	85	110	0	36	59	125	52	31	108	97	42	78	51	40	81	29	126	54	39	80	0.8396
0.2	96	20	71	81	45	48	18	36	83	99	17	73	67	60	94	54	43	23	108	100	22	124	34	7	77	0.8265
0.2	127	42	32	115	37	125	122	117	105	85	93	103	11	48	1	43	0	112	24	87	64	27	46	33	3	0.8470
0.2	8	123	27	83	18	71	111	34	107	55	118	44	87	17	54	50	59	90	108	53	113	85	92	94	126	0.8265
0.2	114	121	17	47	108	15	124	77	61	18	20	93	98	79	86	119	111	91	39	42	75	27	67	73	122	0.8503
0.2	3	118	69	123	17	90	31	79	41	18	34	27	5	29	124	28	112	76	93	56	9	114	1	19	104	0.8179
0.2	122	89	62	0	55	41	60	82	38	14	5	22	42	29	64	112	49	92	24	84	58	30	52	121	35	0.8359
0.2	119	47	106	5	91	69	10	61	87	41	17	81	99	126	116	76	28	36	66	63	102	71	44	73	90	0.8388
0.2	13	108	90	59	72	99	122	6	10	18	94	86	23	102	109	66	111	64	101	3	62	22	79	114	95	0.8404
0.2	61	116	62	89	65	30	81	106	69	113	29	4	119	19	12	54	77	72	110	96	45	17	36	38	44	0.8326
0.2	121	36	63	70	113	38	90	49	57	12	108	27	104	72	87	54	73	45	8	25	74	10	110	11	80	0.8417
0.25	39	12	111	127	30	116	89	49	21	38	119	15	92	83	80	76	36	77	84	112	109	52	19	82	106	43	93	5	81	74	8	48	0.8167
0.25	12	36	0	66	37	7	107	118	22	116	102	100	55	49	28	57	88	20	25	98	9	108	17	101	4	38	103	114	125	1	60	13	0.8421
0.25	53	0	68	67	44	115	29	74	95	49	103	50	13	124	52	51	16	120	100	88	40	70	62	9	99	27	101	18	37	5	38	43	0.8421
0.25	113	124	61	93	122	20	50	22	77	84	31	54	51	82	65	43	34	64	117	107	97	115	46	18	49	114	62	92	33	75	35	32	0.8384
0.25	106	110	120	25	21	48	105	82	72	54	77	118	55	74	99	30	85	122	24	52	63	8	78	47	12	69	93	88	23	11	16	32	0.8515
0.25	75	104	42	102	43	84	77	115	122	97	108	76	73	3	7	125	56	14	64	87	21	124	57	28	45	38	50	48	39	99	41	109	0.8285
0.25	96	77	86	73	65	34	89	2	72	85	64	33	127	3	110	28	113	107	63	38	48	10	52	47	100	19	122	53	57	40	46	50	0.8261
0.25	55	126	62	22	105	6	21	51	121	39	31	45	108	4	32	123	79	69	122	25	38	23	9	61	109	65	42	96	113	95	19	88	0.8404
0.25	97	82	14	126	90	45	64	19	52	58	50	15	24	95	33	62	79	105	100	89	106	118	28	8	36	109	21	66	71	63	121	93	0.8380
0.25	118	99	94	115	57	61	87	55	114	10	52	74	65	12	50	7	1	123	66	85	28	101	127	32	67	14	8	59	53	78	37	96	0.8216
0.25	49	100	107	3	53	109	79	19	8	33	80	35	44	14	85	51	120	16	114	48	24	46	119	57	28	88	34	95	83	111	45	4	0.8388
0.25	75	85	0	13	23	31	52	44	48	118	69	53	78	72	65	94	10	98	125	61	99	97	49	62	120	46	64	22	83	116	93	12	0.8306
0.25	33	18	30	76	102	104	10	64	15	103	125	7	24	97	3	23	111	9	41	26	58	42	83	67	43	11	90	105	37	72	89	99	0.8347
0.25	113	39	127	30	36	1	31	55	72	4	68	57	126	17	75	22	95	88	54	65	53	0	125	34	37	56	70	87	28	94	77	79	0.8458
0.25	126	64	27	13	49	111	108	39	109	32	103	14	88	99	34	52	4	37	100	60	50	59	105	78	86	67	5	73	0	16	36	12	0.8495
0.25	64	73	32	118	103	15	16	23	7	76	18	55	22	9	34	41	60	47	3	21	10	5	37	81	124	17	53	72	50	90	96	29	0.8228
0.25	81	36	19	50	87	88	24	52	108	73	78	39	43	57	110	68	127	46	71	59	16	48	2	28	34	89	6	15	40	44	75	95	0.8335
0.25	79	68	126	49	115	88	114	69	48	43	112	63	105	29	42	78	90	67	3	94	64	44	96	17	95	106	86	102	56	4	37	25	0.8478
0.25	48	65	105	93	30	119	83	96	101	9	2	28	55	44	73	120	58	54	46	80	35	16	39	56	109	4	50	29	115	110	34	52	0.8409
0.25	97	42	8	125	112	30	66	81	89	102	91	55	70	10	83	13	6	54	90	67	93	99	48	88	18	35	98	56	87	59	73	1	0.8450
0.25	39	21	27	15	107	118	75	123	96	58	48	2	105	97	78	74	59	1	127	38	43	60	20	104	83	100	98	34	82	93	28	25	0.8380
0.25	81	19	110	106	45	11	85	94	79	25	46	86	0	66	88	92	15	30	28	97	24	2	122	101	123	104	10	75	47	67	112	4	0.8396
0.25	113	7	114	22	93	83	13	85	73	110	58	121	11	36	6	50	30	18	0	119	61	44	28	101	91	86	59	29	108	79	32	48	0.8413
0.25	41	115	91	46	112	120	83	13	30	60	79	7	116	8	97	66	26	43	70	24	15	126	119	64	5	93	9	55	100	35	52	45	0.8236
0.25	55	121	122	102	44	67	0	112	64	16	20	106	99	30	29	75	7	61	38	109	91	24	98	40	49	71	93	83	50	72	62	126	0.8392
0.25	11	113	1	87	10	93	21	84	56	95	107	106	66	108	62	19	53	104	76	61	0	68	92	60	46	48	31	16	105	91	71	51	0.8421
0.25	56	126	5	34	74	1	23	48	82	127	77	58	61	124	47	76	29	46	92	110	28	7	50	16	73	60	24	68	67	57	59	95	0.8523
0.25	23	123	28	73	22	42	52	45	64	94	74	92	56	32	124	119	61	34	39	107	12	96	63	90	31	15	6	1	13	65	85	93	0.8306
0.25	5	100	65	4	1	75	64	59	63	46	62	78	42	49	19	21	114	58	97	3	102	106	101	17	89	70	94	74	123	53	13	0	0.8318
0.25	73	6	78	93	12	50	36	97	82	51	63	114	110	105	47	83	23	41	75	126	111	14	90	0	1	113	68	11	94	29	17	66	0.8363
0.25	12	55	115	82	46	76	13	20	105	73	59	80	88	17	54	24	31	1	107	103	48	89	47	68	52	19	40	0	112	94	39	8	0.8216
0.25	82	98	9	126	54	64	40	56	45	69	95	18	43	108	79	20	92	47	91	53	127	34	41	102	66	23	6	87	3	8	107	74	0.8318
0.25	14	18	41	118	51	44	68	63	83	92	75	32	40	22	55	33	10	108	113	103	1	54	69	2	99	72	61	82	12	116	56	66	0.8298
0.25	109	73	26	123	29	89	120	70	31	30	25	108	67	59	65	16	8	88	64	71	27	43	10	33	12	20	2	101	69	60	63	0	0.8392
0.25	111	66	38	119	58	56	24	122	110	41	67	23	121	102	70	54	107	40	71	37	11	97	52	0	68	34	9	87	5	101	39	120	0.8339
0.25	14	40	104	108	73	91	85	6	2	54	93	88	67	0	82	62	94	27	95	112	31	120	77	102	37	30	117	51	107	39	23	119	0.8409
0.25	37	121	113	103	79	3	109	82	68	81	89	21	85	61	2	52	107	51	41	98	16	5	17	73	92	62	124	108	63	7	106	67	0.8298
0.25	42	69	121	36	68	81	77	84	80	20	50	30	22	13	93	16	33	43	110	3	104	12	53	9	95	71	119	18	37	115	75	63	0.8363
0.25	109	40	120	48	80	10	123	101	13	90	102	7	76	75	39	67	126	35	29	117	23	14	60	88	64	28	58	5	46	36	17	30	0.8216
0.25	72	38	19	58	82	121	123	34	85	16	55	37	104	4	76	105	8	31	88	73	21	89	94	63	75	103	111	97	29	3	18	12	0.8335
0.25	24	91	8	45	7	9	12	51	64	85	108	117	76	74	71	25	110	100	13	80	15	66	89	49	102	14	79	69	33	88	55	111	0.8380
0.25	37	94	24	96	108	117	125	45	25	35	22	36	113	78	105	83	64	74	39	122	116	4	81	51	110	26	55	18	86	9	28	33	0.8281
0.25	72	79	113	11	50	60	2	5	4	125	31	102	121	90	76	123	68	55	73	104	82	26	92	66	78	39	23	47	77	16	111	103	0.8335
0.25	0	37	53	103	105	35	111	123	61	74	58	16	20	62	68	39	70	126	5	12	85	64	2	114	71	36	88	17	56	52	94	63	0.8232
0.25	61	83	12	37	71	122	41	2	110	100	7	6	47	86	26	74	113	39	17	56	103	55	62	46	107	67	78	127	24	66	13	51	0.8134
0.25	12	114	45	103	100	52	8	59	28	105	23	56	38	117	121	41	112	33	110	62	120	55	26	50	22	53	113	99	58	66	36	16	0.8380
0.25	8	65	100	126	102	101	44	50	86	106	12	35	30	7	38	73	76	98	49	62	72	29	59	85	25	119	95	15	90	31	96	109	0.8363
0.25	119	41	73	80	127	63	103	62	28	76	0	117	75	99	88	36	90	125	39	60	25	16	92	27	101	43	5	9	15	59	44	51	0.8265
0.25	120	7	32	10	115	119	19	55	88	51	26	36	111	96	80	126	114	123	117	20	47	106	13	102	4	68	90	78	67	39	24	42	0.8433
0.25	7	8	82	104	123	64	97	58	50	67	60	37	121	59	125	114	76	63	36	34	79	102	4	86	85	107	52	21	23	54	111	29	0.8368
0.3	67	43	5	44	86	11	123	47	1	17	117	42	98	78	68	94	102	71	111	40	60	6	27	45	13	15	93	72	38	51	12	74	66	116	124	49	23	84	0.8437
0.3	54	108	88	6	92	118	112	122	76	14	50	97	66	44	28	87	98	86	2	105	89	23	65	74	38	62	63	41	15	119	91	90	110	117	85	106	59	1	0.8376
0.3	127	75	36	82	61	109	35	5	102	19	93	121	114	68	63	70	103	44	53	12	8	38	77	108	7	56	37	11	20	91	112	22	29	16	14	17	41	66	0.8302
0.3	77	111	82	12	51	110	53	3	37	47	0	96	23	106	84	21	13	105	5	113	7	89	87	30	115	63	73	59	2	35	85	57	71	18	1	66	14	68	0.8437
0.3	30	32	22	20	47	118	27	3	113	31	54	34	26	9	84	21	69	76	18	16	10	86	17	92	75	117	123	82	14	52	7	115	37	53	50	72	100	13	0.8413
0.3	112	17	23	9	80	62	72	90	116	6	98	21	70	40	57	126	67	95	14	114	74	92	105	20	51	122	117	68	45	87	115	124	36	38	81	46	125	41	0.8380
0.3	54	3	46	111	34	9	95	21	77	78	52	6	102	118	85	127	28	106	40	23	124	17	11	44	18	126	87	38	48	113	63	123	91	67	80	16	71	61	0.8261
0.3	119	66	44	64	75	120	6	125	37	111	17	18	29	22	93	67	60	76	85	68	42	94	127	92	112	109	24	19	89	32	97	49	39	77	23	16	113	103	0.8404
0.3	107	77	43	80	8	31	92	40	19	89	53	97	51	17	58	24	100	86	102	116	81	36	104	70	7	125	95	98	121	30	23	25	33	62	67	87	32	1	0.8368
0.3	3	107	32	126	18	41	101	89	36	31	46	42	45	60	70	94	4	64	27	49	55	125	103	123	81	77	91	110	20	109	38	57	30	65	88	111	120	62	0.8441
0.3	30	87	49	89	18	85	10	67	71	55	68	99	25	72	1	54	9	73	50	120	42	57	62	95	47	116	81	32	63	19	106	15	109	82	84	74	98	43	0.8232
0.3	117	12	27	113	93	21	34	109	82	55	13	15	118	98	33	17	122	2	52	35	14	9	16	50	64	32	97	42	30	60	4	71	78	106	84	116	63	39	0.8470
0.3	36	51	118	34	42	99	19	15	29	16	104	90	18	10	22	63	41	126	88	56	122	110	28	72	68	13	100	60	47	81	0	117	103	11	109	20	33	97	0.8363
0.3	99	83	64	122	127	114	1	51	106	41	27	29	81	111	85	18	61	73	60	6	4	52	82	105	53	98	0	97	49	9	78	30	26	11	94	126	59	37	0.8253
0.3	109	125	56	21	77	25	24	26	1	31	72	81	48	20	59	68	69	40	74	70	32	50	75	9	86	102	98	17	15	2	112	12	66	52	85	94	14	122	0.8343
0.3	104	111	0	24	123	58	113	26	115	20	11	64	17	114	100	106	61	34	116	82	16	108	15	10	14	27	22	72	78	81	103	63	12	41	2	126	33	56	0.8093
0.3	24	114	75	81	85	25	68	72	76	91	49	120	39	69	79	77	47	109	100	112	8	50	22	78	89	111	65	58	94	101	108	35	14	104	62	127	121	103	0.8441
0.3	56	103	59	14	71	102	75	118	42	125	25	16	100	97	72	19	13	32	4	41	109	20	120	74	67	113	64	86	122	101	79	50	95	8	127	31	44	68	0.8306
0.3	54	91	86	31	118	8	74	114	83	50	33	117	80	24	107	71	21	93	5	97	76	95	66	30	32	70	53	19	4	126	44	56	0	37	35	29	42	75	0.8441
0.3	25	36	49	27	51	108	34	64	22	73	114	68	37	44	23	16	46	121	120	4	20	109	70	107	88	66	86	97	41	3	59	62	2	90	80	1	39	52	0.8339
0.3	62	102	35	107	70	80	34	16	40	6	21	30	52	41	13	84	39	77	25	23	90	123	92	127	49	0	26	91	20	101	32	42	47	95	57	12	87	15	0.8400
0.3	37	124	126	74	118	107	12	0	72	58	50	53	122	68	47	39	75	93	33	77	22	44	85	91	31	120	6	119	40	73	84	70	101	45	4	79	28	78	0.8232
0.3	56	17	23	12	80	9	91	108	120	118	41	111	1	112	2	54	67	34	48	65	102	51	32	101	74	45	20	46	86	5	4	76	8	0	38	42	15	75	0.8454
0.3	103	83	86	92	1	19	2	89	25	14	66	108	59	53	57	99	47	22	28	55	68	104	33	76	12	65	13	70	37	39	107	88	64	23	121	35	30	11	0.8409
0.3	118	83	15	12	41	75	124	80	104	90	126	85	24	21	19	127	106	117	61	97	74	78	112	18	77	109	33	76	95	101	10	46	55	31	45	20	51	16	0.8331
0.3	115	13	56	109	111	118	75	19	73	83	112	126	106	81	94	122	15	11	116	23	123	87	119	55	60	3	34	6	101	125	49	25	88	59	4	105	41	30	0.8392
0.3	65	11	48	82	95	25	106	104	103	123	127	47	90	49	36	50	122	109	79	8	7	72	3	102	89	121	42	64	2	24	87	93	9	77	23	30	74	54	0.8466
0.3	31	83	86	19	100	94	27	93	96	101	32	92	9	4	62	127	5	71	45	99	106	46	125	69	43	66	70	56	15	74	17	35	60	113	78	24	44	72	0.8347
0.3	1	40	37	5	125	15	8	9	38	123	17	43	42	63	73	104	99	119	12	100	75	23	118	66	4	78	64	57	62	28	25	94	21	89	50	86	29	113	0.8273
0.3	127	75	54	13	55	79	97	36	103	40	33	63	84	18	8	88	115	71	112	126	96	26	15	118	98	57	10	22	50	6	4	42	109	111	113	120	107	87	0.8306
0.3	73	104	42	119	30	26	107	99	44	28	98	31	83	71	6	112	12	3	59	120	35	4	92	102	50	123	56	103	10	37	87	33	38	109	23	61	55	97	0.8429
0.3	27	40	51	16	94	80	39	30	110	76	91	121	93	44	73	78	2	1	56	113	89	111	104	36	103	6	5	105	95	41	77	42	109	126	25	124	68	53	0.8335
0.3	25	68	114	83	37	101	15	57	106	100	4	105	112	53	90	82	67	21	66	29	59	98	71	42	88	122	69	36	89	1	125	84	102	87	55	117	30	119	0.8437
0.3	67	85	116	52	12	117	97	121	95	118	36	87	82	79	11	120	63	66	22	108	94	15	74	50	76	13	43	103	59	35	29	92	4	126	112	72	56	18	0.8302
0.3	92	104	24	39	94	106	15	17	11	12	101	63	89	74	49	21	44	90	7	122	13	64	107	20	113	5	16	105	43	69	117	29	26	58	2	47	56	97	0.8171
0.3	28	90	56	82	0	88	55	45	110	120	62	13	84	105	22	48	15	109	10	115	112	4	27	34	53	121	113	74	89	108	37	5	12	93	36	18	26	103	0.8318
0.3	18	103	28	10	98	123	19	49	109	54	120	71	9	13	31	42	57	114	101	82	75	56	121	83	39	15	4	52	60	34	37	20	85	63	21	41	108	112	0.8310
0.3	27	37	116	15	69	98	72	9	23	120	39	93	28	46	26	17	21	16	106	47	110	60	94	91	96	43	88	2	36	5	87	115	112	4	78	117	14	1	0.8281
0.3	52	33	13	37	88	7	120	17	18	59	35	27	73	39	118	53	38	3	92	87	61	29	117	85	47	62	101	57	19	94	45	114	79	54	46	86	104	71	0.8331
0.3	41	61	62	126	110	44	12	99	91	0	120	45	123	9	59	66	5	55	48	43	10	122	87	109	121	36	75	116	97	33	54	70	52	113	37	27	6	80	0.8404
0.3	100	37	35	96	91	17	93	123	4	70	82	24	72	58	41	52	83	51	29	86	111	26	104	102	25	121	112	118	92	67	27	12	43	11	46	30	106	94	0.8351
0.3	22	93	89	54	118	85	120	103	45	98	69	61	72	109	83	36	84	102	15	51	82	73	1	79	62	105	43	63	12	74	78	26	108	21	114	46	31	111	0.8372
0.3	7	45	79	80	93	55	58	2	49	98	120	77	96	4	36	114	74	17	3	76	85	110	35	30	1	15	53	126	88	78	59	26	24	73	43	103	121	86	0.8392
0.3	91	56	50	1	5	27	12	51	115	28	70	82	96	42	24	9	44	125	25	127	29	30	120	75	60	10	38	87	46	118	72	77	68	21	23	100	26	98	0.8372
0.3	105	85	33	90	27	31	19	56	25	80	37	23	50	84	52	61	69	72	51	18	87	36	58	9	108	45	55	47	68	118	74	92	115	20	28	34	114	110	0.8253
0.3	91	92	77	94	12	97	88	90	20	64	80	107	25	84	54	67	15	95	65	74	113	83	76	109	29	9	55	102	126	127	32	48	96	21	35	53	114	73	0.8413
0.3	75	18	38	42	101	1	73	110	109	103	7	111	89	70	51	34	5	68	23	44	99	81	16	78	6	79	119	120	60	108	121	59	20	71	41	61	54	122	0.8298
0.3	75	49	66	30	78	108	114	82	20	2	41	38	10	79	25	103	54	95	123	118	28	80	87	31	127	60	110	102	69	12	116	57	107	39	124	44	81	58	0.8368
0.3	111	45	59	52	65	14	75	1	74	33	81	113	115	72	89	67	62	22	73	93	2	12	19	84	118	98	20	126	51	88	23	121	68	46	27	7	15	77	0.8478
0.3	29	120	60	35	22	125	57	126	56	50	71	101	31	6	1	41	115	80	3	107	25	32	124	27	79	75	58	40	23	81	48	59	111	12	11	90	5	96	0.8240
0.4	39	18	38	65	23	48	99	69	87	93	119	107	75	17	57	84	127	21	19	105	123	36	58	2	122	29	8	70	6	126	125	12	78	61	59	49	89	45	7	33	115	94	37	110	42	117	81	0	68	26	83	0.8249
0.4	68	78	36	11	19	103	86	119	102	74	83	110	58	94	20	37	38	46	21	8	101	10	25	116	22	45	96	73	125	107	124	43	31	66	82	64	4	56	123	9	15	67	105	57	81	98	75	122	48	115	120	0.8265
0.4	98	110	21	115	75	52	18	47	11	86	58	127	123	100	23	43	26	102	48	117	38	125	92	16	53	91	70	104	6	64	42	45	60	24	27	72	120	112	65	5	90	88	31	35	51	67	106	73	94	59	14	0.8294
0.4	56	93	115	59	45	28	74	39	120	26	107	106	76	41	92	63	80	38	47	21	49	81	83	51	18	33	2	11	97	53	100	78	122	77	29	90	71	123	0	65	75	19	58	5	27	110	23	127	98	40	15	0.8396
0.4	109	16	26	36	91	24	127	62	9	55	54	123	57	65	68	89	92	70	96	13	83	106	4	5	121	18	30	86	112	49	38	52	64	116	124	93	115	105	44	74	108	111	88	45	60	10	120	95	21	12	14	0.8281
0.4	3	68	7	32	96	109	55	64	65	6	0	41	38	30	1	28	95	2	78	101	18	48	59	98	33	36	94	87	71	19	13	63	93	22	99	90	116	117	113	12	8	61	92	76	84	24	69	82	119	21	53	0.8425
0.4	16	103	3	120	34	9	110	43	81	22	104	37	40	6	15	49	62	64	117	28	77	76	24	68	102	13	31	97	88	79	67	58	69	101	71	73	27	109	35	92	94	115	61	25	106	95	123	82	107	48	91	0.8363
0.4	89	95	42	69	34	108	30	73	2	18	39	83	21	68	70	77	104	76	66	56	91	127	26	3	29	61	106	10	59	93	78	109	101	8	107	27	64	67	71	94	15	126	105	20	49	124	60	46	80	82	19	0.8232
0.4	126	76	42	78	26	34	96	113	31	106	104	19	27	48	64	127	88	123	50	112	66	1	57	36	7	46	59	125	53	116	80	3	10	114	0	124	17	16	15	58	82	30	20	68	24	73	107	44	99	29	2	0.8404
0.4	115	24	45	101	30	14	80	16	48	96	29	123	126	26	92	38	54	85	56	120	122	59	39	100	78	84	23	57	19	76	82	34	0	117	121	110	125	28	77	66	90	46	67	8	103	35	6	111	114	53	64	0.8343
0.4	61	2	114	49	77	17	70	104	27	96	3	88	40	18	122	101	52	64	97	92	127	21	57	67	26	23	100	85	80	39	79	24	123	93	116	99	10	58	16	31	107	28	117	20	63	102	106	110	76	91	81	0.8281
0.4	90	107	112	66	121	47	7	81	73	49	5	27	106	123	46	76	125	60	4	10	114	88	79	0	3	117	34	78	14	20	84	98	80	77	75	54	18	21	62	31	101	55	64	63	68	40	52	99	87	44	85	0.8294
0.4	8	80	71	73	102	28	105	125	58	78	45	127	111	18	62	16	95	100	31	6	29	113	79	55	99	91	33	47	123	12	87	72	4	112	13	103	89	64	27	116	35	93	10	56	110	57	44	36	85	42	20	0.8421
0.4	57	101	13	127	83	90	50	65	73	124	34	26	43	80	91	8	37	31	84	22	30	3	5	18	72	0	45	7	99	106	68	119	89	25	35	79	64	70	93	125	9	54	111	116	78	36	16	2	17	42	44	0.8281
0.4	22	67	6	48	42	126	53	41	24	33	88	107	1	71	31	18	80	93	36	45	113	76	57	82	104	96	10	4	64	70	25	99	38	12	79	75	89	97	127	2	29	103	66	100	72	120	40	58	105	68	11	0.8228
0.4	25	103	114	123	13	127	80	52	5	115	76	65	64	54	78	45	32	94	109	111	118	61	3	50	43	11	16	83	33	24	121	17	58	74	102	84	35	15	14	86	9	125	88	2	91	112	56	12	37	60	36	0.8413
0.4	70	31	60	104	102	63	34	72	24	26	105	4	5	123	78	82	87	65	107	122	50	69	15	71	57	17	92	55	7	62	54	59	44	109	119	120	48	1	88	83	22	16	42	21	124	116	74	103	51	46	40	0.8388
0.4	113	18	89	5	30	68	21	24	78	95	125	29	110	106	57	1	54	108	45	64	99	67	126	35	73	33	83	0	25	112	87	90	40	66	56	116	79	80	55	51	127	121	11	53	115	43	3	8	84	82	76	0.8355
0.4	124	105	18	93	39	16	60	77	57	22	118	81	96	103	108	102	35	34	94	101	56	25	109	117	21	69	51	80	65	62	112	29	7	54	2	110	63	26	71	30	95	86	90	121	20	32	4	92	85	27	116	0.8347
0.4	89	90	77	71	98	4	11	39	46	64	16	116	95	53	78	30	22	47	119	110	121	52	57	73	56	9	60	25	41	106	113	105	92	82	63	43	122	109	120	24	124	97	10	81	58	35	36	104	14	84	32	0.8372
0.4	8	78	69	100	89	80	47	84	72	79	31	24	6	59	71	22	111	30	123	75	35	102	65	27	88	52	91	0	43	93	121	92	108	114	98	37	70	9	83	4	34	10	101	19	126	28	122	124	120	94	42	0.8425
0.4	40	112	90	83	34	71	31	122	113	10	39	14	57	99	104	27	38	64	120	95	93	63	97	9	4	19	6	119	52	0	69	17	108	23	102	47	85	5	44	55	118	121	25	72	7	36	96	30	48	107	70	0.8306
0.4	2	21	3	16	40	90	103	107	91	26	45	124	11	123	88	13	9	111	67	58	72	79	64	105	75	100	74	14	126	7	23	122	22	17	12	101	76	54	114	127	89	109	60	78	38	82	116	81	20	92	59	0.8339
0.4	100	6	22	7	55	56	80	63	40	103	35	110	32	42	97	122	59	26	27	33	45	3	31	127	58	64	62	84	117	13	101	93	124	87	48	88	108	23	116	72	49	107	46	121	82	115	95	12	24	9	47	0.8384
0.4	46	4	50	35	58	27	125	59	73	11	82	33	0	85	60	92	68	23	80	115	63	127	62	98	94	53	86	124	25	104	102	110	49	116	75	79	45	87	15	41	126	70	107	122	90	84	109	105	17	114	112	0.8318
0.4	120	113	16	98	74	69	95	84	60	65	39	93	24	108	123	107	28	122	25	44	14	52	57	118	13	80	36	76	116	99	64	34	22	73	121	100	109	19	115	48	50	79	54	38	125	10	78	110	0	91	29	0.8347
0.4	1	80	67	36	6	59	127	79	11	35	95	109	107	19	2	58	42	12	85	15	65	5	41	99	82	31	105	17	40	24	123	94	48	69	50	57	29	47	97	27	30	51	126	124	125	62	38	75	63	76	112	0.8261
0.4	34	120	105	68	4	78	50	11	56	20	93	101	29	118	96	117	64	80	18	82	83	81	122	9	72	127	77	76	59	39	114	91	75	15	62	116	37	40	48	54	35	12	30	21	47	25	90	16	106	63	102	0.8335
0.4	44	124	45	109	19	121	101	61	123	37	3	74	42	55	60	100	96	118	21	6	22	83	27	81	24	97	0	8	120	110	29	38	82	99	25	78	79	92	28	85	4	72	50	54	1	75	73	2	112	46	23	0.8409
0.4	78	118	121	0	90	89	58	49	115	37	4	65	47	110	54	120	108	101	72	83	44	123	28	38	53	116	85	42	104	16	105	76	81	117	91	19	48	92	59	29	122	80	97	87	55	124	21	9	102	39	88	0.8359
0.4	76	40	83	3	126	54	78	89	77	1	118	44	68	62	50	127	25	109	63	38	41	64	124	70	96	120	111	58	17	122	26	113	2	94	16	103	123	53	79	33	31	4	23	32	19	66	47	5	65	0	114	0.8285
0.4	86	88	82	96	41	24	2	62	120	110	80	32	7	38	114	14	59	25	35	126	30	83	44	20	45	22	36	69	9	54	51	90	5	13	50	101	52	107	34	61	56	16	116	95	1	78	49	8	92	109	74	0.8392
0.4	40	72	20	95	106	26	93	104	16	27	113	46	44	7	37	52	68	41	116	57	81	33	103	87	58	9	115	24	48	98	101	100	25	80	14	71	85	91	118	124	31	119	13	29	5	75	88	96	45	82	114	0.8060
0.4	17	116	47	3	104	39	79	10	111	14	56	98	19	110	92	89	107	15	46	122	103	9	69	117	38	85	29	62	55	123	13	93	21	28	0	114	113	75	54	49	31	101	48	70	76	108	95	24	32	81	52	0.8244
0.4	98	111	104	110	30	105	77	114	107	66	5	79	62	47	115	17	119	14	56	89	24	126	81	28	3	73	13	87	39	123	10	15	41	51	12	72	113	55	35	117	32	86	90	97	4	27	101	64	109	99	106	0.8236
0.4	46	112	4	11	33	6	107	15	77	38	79	57	12	66	36	81	34	51	90	65	118	45	74	120	17	89	100	123	44	87	2	115	85	24	127	69	98	59	93	122	70	116	49	102	16	97	124	75	126	31	96	0.8429
0.4	2	5	99	50	44	114	112	75	87	61	120	100	117	7	101	39	74	19	86	57	80	91	1	98	63	31	96	92	36	88	37	40	76	70	79	32	48	84	12	53	13	97	126	17	125	45	65	69	66	124	105	0.8314
0.4	22	28	67	119	115	30	72	24	50	88	35	3	21	116	6	78	120	16	29	36	86	79	92	11	25	127	93	9	42	103	118	8	104	99	27	108	124	80	90	87	107	112	85	95	114	38	74	26	2	94	39	0.8294
0.4	110	121	8	19	120	35	5	57	104	81	124	105	88	17	77	94	111	55	95	92	26	10	37	62	25	47	112	38	0	60	98	39	48	24	14	84	106	80	41	36	13	66	90	31	46	87	91	2	93	56	71	0.8409
0.4	87	113	70	59	96	92	35	8	65	115	50	45	57	111	85	103	33	55	39	20	9	69	101	12	72	41	107	26	30	47	98	114	17	37	95	54	127	125	68	6	94	16	19	71	117	56	61	84	48	27	110	0.8302
0.4	116	18	86	64	74	47	34	53	107	14	23	50	59	102	20	51	63	84	70	112	127	41	76	122	65	126	22	4	75	8	80	110	101	30	54	71	93	77	44	48	81	117	100	27	108	118	120	55	85	79	42	0.8417
0.4	92	126	84	98	43	86	118	68	11	127	4	101	83	35	56	41	64	79	73	17	21	1	112	82	34	123	42	30	8	26	52	2	6	91	59	72	77	3	122	12	100	36	38	15	96	85	66	22	60	115	70	0.8486
0.4	65	126	86	24	121	59	89	29	105	8	124	101	19	99	61	92	80	122	79	39	90	10	100	3	111	42	57	94	27	4	44	96	82	52	87	43	81	36	6	40	85	98	71	16	95	56	125	75	17	48	66	0.8326
0.4	64	59	101	32	15	2	22	123	80	100	51	17	65	37	73	7	105	60	20	45	41	4	33	93	70	120	124	52	108	72	98	91	74	103	19	117	12	66	35	127	48	14	126	125	28	92	119	68	104	71	84	0.8392
0.4	100	28	15	3	6	63	93	125	31	71	82	50	107	108	51	98	70	38	2	84	16	14	72	37	29	105	118	47	76	65	123	25	26	36	49	42	106	19	22	85	12	43	41	86	114	5	109	111	81	39	116	0.8441
0.4	123	51	112	54	56	60	86	7	24	100	37	78	125	35	64	19	49	38	58	59	46	39	119	57	22	88	31	108	6	104	63	105	25	102	61	33	79	55	122	5	4	117	76	10	121	90	27	107	74	81	9	0.8314
0.4	57	103	51	12	82	126	15	45	16	63	117	17	24	83	96	115	118	9	48	61	14	122	40	92	119	81	80	13	97	0	18	60	20	26	65	23	94	22	86	102	41	27	67	70	29	110	30	38	89	116	113	0.8396
0.4	6	23	61	50	20	11	39	18	34	80	66	87	125	81	86	44	31	9	72	74	45	19	79	26	97	95	94	58	60	21	16	102	28	5	64	126	117	49	98	92	111	100	114	70	46	54	24	1	109	52	27	0.8236
0.4	111	60	93	116	1	83	8	11	22	76	5	123	95	6	77	117	89	69	91	17	38	65	55	45	81	29	40	61	13	49	48	58	96	53	18	3	86	16	99	100	106	33	67	85	82	97	27	121	118	44	26	0.8433
0.4	21	18	5	124	54	29	95	3	107	13	70	32	49	44	74	87	14	105	48	123	28	56	101	68	62	51	40	108	116	39	126	0	69	20	71	112	10	85	60	61	9	50	84	82	125	42	79	31	15	104	90	0.8376
0.5	95	30	54	108	103	50	46	29	88	120	100	52	126	94	37	22	96	5	71	76	3	45	11	80	41	83	15	92	20	86	57	62	61	2	47	109	114	78	26	72	93	125	66	18	24	89	48	73	112	6	84	43	102	118	1	8	90	119	123	23	106	74	38	104	0.8384
0.5	14	72	11	86	65	74	78	77	121	105	57	122	91	68	9	25	66	76	62	42	95	22	118	40	36	97	46	24	44	20	58	27	83	89	23	21	45	5	125	29	101	37	7	96	127	48	115	126	13	92	49	12	117	2	93	43	98	99	55	71	119	81	80	113	0.8236
0.5	0	102	101	23	71	1	48	92	17	26	74	112	9	16	126	65	88	114	4	94	55	40	31	54	36	47	85	91	70	38	61	83	19	104	105	120	86	107	52	116	35	72	3	24	98	80	51	43	44	95	42	27	41	57	77	13	89	64	20	28	96	37	34	10	0.8290
0.5	93	47	46	88	42	12	64	44	23	1	111	95	105	59	85	124	32	27	43	83	91	74	38	16	51	123	71	79	61	87	118	35	58	103	2	19	117	98	37	0	39	50	125	56	101	89	45	52	55	21	72	26	76	36	66	53	65	34	62	24	8	41	107	13	0.8290
0.5	19	72	33	20	16	9	8	83	5	37	126	57	7	85	69	108	103	98	29	124	107	13	43	35	127	1	30	55	110	63	117	78	21	100	123	106	52	60	76	42	87	15	94	39	31	111	95	68	48	6	120	26	93	41	28	59	116	89	104	80	14	12	88	102	0.8343
0.5	111	53	87	71	21	126	34	107	117	43	7	123	66	54	22	74	80	42	55	112	113	48	8	6	72	64	51	2	24	32	86	14	67	18	52	89	83	13	62	17	97	27	61	12	5	105	23	81	76	70	20	79	122	31	99	124	46	90	69	96	10	15	109	47	0.8183
0.5	61	7	126	78	31	91	63	67	24	11	51	17	41	69	102	1	72	28	70	96	38	42	36	44	88	34	25	47	49	82	5	76	9	106	95	43	124	68	90	99	12	16	30	103	21	83	121	46	81	80	104	64	4	58	20	26	6	73	79	101	53	37	59	116	0.8478
0.5	91	105	72	108	9	40	0	51	47	59	122	24	78	5	32	125	43	21	96	83	110	55	71	112	57	35	44	29	3	106	26	103	13	17	54	109	25	62	15	81	79	68	118	113	22	82	107	88	2	18	60	95	42	33	127	53	85	98	45	89	56	8	14	80	0.8388
0.5	60	118	78	2	98	57	12	25	81	110	94	117	66	75	86	9	42	10	64	48	23	68	63	3	31	59	1	40	122	52	82	27	105	55	104	116	91	20	7	65	50	77	126	28	54	93	90	69	15	109	127	8	74	100	121	85	113	19	45	6	79	53	39	5	0.8343
0.5	3	45	92	30	58	9	16	47	97	14	87	80	78	31	59	40	13	126	96	12	22	46	38	2	39	69	82	118	54	111	48	36	102	25	52	90	55	85	62	5	35	37	99	28	121	32	123	57	103	115	124	53	26	65	43	127	64	33	104	11	24	91	8	86	0.8388
0.5	16	80	94	81	58	105	98	0	32	88	116	101	12	66	82	123	93	29	73	20	11	69	117	89	108	112	121	6	7	75	107	91	43	49	84	44	55	109	40	1	77	115	34	111	22	14	64	13	9	31	56	97	26	18	21	33	37	57	38	79	59	71	24	17	0.8413
0.5	57	32	58	17	90	121	85	9	84	39	72	35	126	12	20	15	4	36	5	79	3	53	66	97	47	46	91	104	116	26	73	23	81	71	127	0	103	93	34	100	74	13	61	67	102	31	10	54	75	76	18	96	41	109	95	98	92	89	82	83	33	44	55	51	0.8142
0.5	46	124	92	107	45	113	10	115	99	121	3	127	120	84	1	33	77	31	98	63	58	106	43	9	27	73	90	103	93	40	66	44	72	0	75	24	117	112	116	11	26	71	38	8	95	89	105	122	88	14	65	21	109	108	80	23	36	29	83	48	97	19	119	110	0.8142
0.5	46	100	5	110	58	126	97	107	13	21	54	114	17	59	112	67	33	101	0	27	99	50	15	125	38	72	7	40	80	102	18	85	103	127	116	66	98	115	36	16	3	64	57	23	92	113	34	56	8	55	19	44	41	109	20	123	9	51	122	86	111	84	77	29	0.8298
0.5	44	105	81	101	24	38	48	118	110	108	116	65	75	117	16	72	85	126	45	47	20	109	69	90	92	39	43	79	68	88	70	78	82	104	62	40	36	59	89	31	19	121	125	73	102	6	46	122	26	63	61	64	34	56	127	9	18	7	15	22	8	13	123	28	0.8232
0.5	28	47	124	88	53	110	93	103	66	60	121	125	31	37	113	115	18	98	61	126	34	9	58	71	81	83	65	13	78	42	79	0	51	57	52	56	20	30	49	63	118	112	23	116	82	32	97	64	120	62	75	96	107	90	84	68	100	44	74	99	119	33	109	104	0.8257
0.5	35	28	14	87	109	12	60	53	77	59	22	23	37	58	98	30	46	88	6	111	82	103	86	61	25	104	100	5	2	69	124	108	85	101	54	56	78	43	9	106	50	90	66	34	84	94	107	73	72	102	3	1	19	89	65	36	114	47	123	127	70	44	116	79	0.8093
0.5	1	107	57	39	21	70	96	56	60	65	106	31	62	99	78	58	11	48	115	74	95	105	71	90	32	34	93	127	100	37	46	54	20	89	82	25	81	69	67	53	114	64	2	77	103	86	44	72	23	101	87	26	76	7	28	49	83	117	16	91	123	47	92	121	0.8363
0.5	95	77	8	125	92	91	15	113	123	85	102	3	87	19	106	24	59	58	90	13	96	78	88	67	124	94	115	0	46	116	82	109	54	56	74	93	6	73	62	111	110	23	68	51	112	65	26	28	47	63	10	33	17	75	76	52	119	86	79	127	11	14	69	37	0.8216
0.5	3	116	9	83	37	56	115	21	33	76	34	11	67	46	30	97	22	107	1	106	20	48	25	99	91	45	70	93	86	61	63	57	113	47	55	12	78	101	5	120	36	100	43	85	104	95	87	71	118	13	73	23	59	2	35	29	66	98	110	15	31	18	114	68	0.8310
0.5	19	45	97	59	51	23	46	48	95	33	18	57	83	124	39	104	14	126	22	99	7	66	116	42	58	3	113	121	61	64	117	43	115	50	76	32	37	13	29	49	80	27	79	91	55	87	103	127	114	120	84	111	68	70	44	34	105	92	5	65	119	122	101	108	0.8306
0.5	69	6	99	91	66	17	19	101	92	96	105	118	4	9	13	108	37	98	55	65	25	33	53	7	95	103	1	11	2	90	5	126	117	16	8	122	81	32	106	52	54	85	87	79	111	104	41	0	40	23	56	26	113	68	64	112	124	47	75	71	28	107	39	78	0.8326
0.5	106	125	110	81	65	28	66	52	54	63	27	71	5	46	104	78	58	118	109	103	31	45	126	114	84	19	89	35	123	33	44	88	62	120	55	47	105	74	22	90	64	121	82	91	119	61	50	8	108	69	30	51	111	43	11	122	14	24	18	94	6	15	3	42	0.8208
0.5	93	106	45	30	65	58	2	97	116	54	64	82	78	99	9	113	79	1	125	32	13	31	105	71	52	68	107	70	61	62	12	6	47	80	83	85	63	67	72	49	73	89	4	108	37	53	7	109	118	101	25	111	104	50	124	86	115	92	17	88	34	94	87	19	0.8314
0.5	99	1	100	70	117	30	3	65	123	35	86	49	2	119	87	89	84	104	54	38	77	43	63	75	107	60	113	97	67	64	29	121	120	57	59	28	103	58	76	55	106	37	115	31	94	85	25	13	14	90	40	83	41	73	23	56	33	8	111	69	79	112	48	88	0.8478
0.5	45	99	72	98	21	70	9	83	93	64	42	35	36	91	119	26	29	5	8	39	53	107	110	38	69	85	124	118	19	103	68	1	113	102	84	90	122	80	89	61	56	17	49	87	71	100	115	47	76	33	78	82	106	79	92	52	6	43	65	57	3	31	108	66	0.8253
0.5	22	73	99	42	80	38	109	8	39	5	17	81	53	37	71	112	10	103	19	29	93	11	95	28	126	86	108	67	115	92	68	88	72	89	125	48	79	54	16	26	116	9	76	98	123	107	110	49	101	3	96	33	41	56	105	75	70	60	40	46	57	4	127	47	0.8331
0.5	110	58	26	47	117	63	55	9	51	87	120	112	28	50	2	90	89	45	100	85	71	61	64	122	114	25	19	115	74	0	96	53	82	86	91	97	31	107	69	93	127	113	32	119	46	68	102	78	65	17	126	124	43	60	49	5	1	76	30	83	42	4	40	111	0.8224
0.5	37	36	33	3	39	47	127	31	56	20	76	10	113	35	14	79	1	117	82	74	26	13	111	29	83	27	8	32	70	92	73	100	15	112	12	46	89	19	121	28	53	4	34	54	95	44	67	91	30	125	106	90	98	75	25	123	86	94	21	65	23	126	57	22	0.8265
0.5	95	86	75	108	114	64	42	76	56	79	41	96	27	63	84	38	115	21	100	39	97	5	81	66	103	93	6	31	57	65	85	48	123	72	78	67	19	55	45	53	62	105	126	94	101	43	61	33	89	29	50	17	77	87	32	70	37	1	49	113	92	30	40	102	0.8244
0.5	63	89	17	7	83	58	115	95	14	107	41	100	96	77	79	80	51	113	69	56	85	110	26	46	30	108	57	121	3	111	45	40	6	124	91	33	39	25	92	118	24	122	101	127	38	37	0	9	94	119	112	44	117	60	68	29	20	18	1	8	70	66	103	54	0.8224
0.5	90	57	39	99	97	65	112	96	104	98	117	106	14	48	53	20	35	108	44	26	83	103	15	51	77	56	102	113	58	38	63	68	118	29	120	81	3	88	7	73	22	55	34	24	25	47	1	10	49	74	12	124	23	33	114	80	17	2	31	30	43	11	19	50	0.8372
0.5	114	8	119	55	24	53	115	40	45	43	23	112	6	69	102	7	107	2	62	99	124	50	92	80	28	39	79	97	1	77	60	110	82	22	44	36	52	38	109	95	78	51	94	70	0	117	3	113	35	16	59	13	11	125	64	47	96	34	116	25	5	84	105	74	0.8253
0.5	86	34	56	103	48	91	118	92	67	68	1	29	23	55	33	104	0	122	94	35	121	59	66	87	2	106	45	120	114	85	117	84	39	11	98	31	9	52	22	109	125	46	44	38	123	116	69	5	96	97	37	71	105	10	6	82	72	113	54	25	111	61	108	83	0.8347
0.5	23	116	61	72	20	107	80	92	119	60	40	105	70	52	73	24	101	16	32	51	22	15	25	50	21	6	30	75	77	42	74	110	103	18	10	12	114	90	93	27	84	57	79	56	117	48	38	124	88	95	106	5	123	13	26	113	118	67	120	65	33	1	58	0	0.8220
0.5	83	9	36	80	44	84	39	37	79	29	92	14	26	20	87	94	113	82	101	93	71	109	127	40	67	115	66	19	41	4	69	81	120	45	90	63	60	123	85	5	15	68	119	122	91	86	61	7	50	77	99	73	56	62	53	13	72	124	51	46	74	117	98	97	0.8396
0.5	17	23	121	15	83	57	105	124	44	37	120	97	46	16	28	36	42	61	59	75	95	22	108	52	53	4	24	122	5	47	85	55	26	117	125	34	7	112	127	76	115	104	101	14	102	30	45	27	1	77	0	58	51	87	119	70	20	106	33	72	100	41	12	8	0.8162
0.5	48	88	81	23	16	12	87	98	91	41	84	102	95	29	46	25	106	34	59	3	33	125	112	19	66	5	109	97	86	113	121	76	80	114	65	69	51	126	92	61	127	70	36	14	115	53	101	96	107	57	30	43	118	117	21	35	13	38	94	31	0	20	2	100	0.8121
0.5	40	89	41	59	72	5	53	90	95	75	46	4	79	122	66	16	102	124	57	42	3	73	15	99	84	80	116	81	58	14	83	98	37	51	2	10	8	93	120	55	127	63	39	71	12	103	121	74	64	20	97	52	123	18	6	26	54	7	28	36	105	31	33	70	0.8388
0.5	62	42	30	91	113	58	111	102	126	8	109	88	124	89	29	38	10	46	59	69	33	66	45	32	49	16	27	122	18	79	61	53	9	81	3	48	47	114	95	60	90	86	116	28	43	125	110	112	52	64	4	63	94	98	15	108	25	50	123	24	76	41	7	2	0.8380
0.5	0	32	51	106	67	7	28	103	6	73	93	71	54	97	121	72	39	99	34	15	122	95	123	86	84	66	3	57	22	25	27	42	82	75	53	47	111	83	20	89	115	104	70	23	61	56	44	36	127	100	112	49	69	63	76	102	30	52	81	113	9	4	13	77	0.8355
0.5	35	96	67	16	115	69	117	70	119	44	111	10	68	101	8	78	124	92	123	76	66	38	64	83	82	88	84	34	63	9	87	37	126	62	81	65	109	26	99	114	49	15	20	59	118	105	57	13	108	6	120	14	122	58	22	17	77	71	94	24	121	127	100	45	0.8314
0.5	125	61	75	42	4	118	60	54	114	6	96	77	68	66	116	30	20	52	53	26	95	88	15	74	101	122	85	78	28	12	47	33	120	32	58	126	104	79	0	94	5	50	43	41	117	36	69	108	112	29	72	103	83	16	24	1	115	38	82	67	89	39	105	109	0.8240
0.5	63	99	24	43	98	33	82	41	52	39	86	16	46	104	67	12	14	44	79	115	56	47	51	4	5	96	22	62	125	94	59	36	42	65	105	75	70	34	73	20	1	90	122	107	124	111	77	15	6	80	121	109	85	71	57	26	88	112	8	54	30	27	29	45	0.8138
0.5	37	50	111	57	83	117	78	62	101	30	116	20	109	31	85	110	93	113	123	126	26	52	25	36	96	108	9	65	23	100	76	3	56	74	81	102	34	67	71	106	17	41	84	24	53	8	97	6	4	39	118	107	60	86	61	59	92	1	7	121	38	114	13	94	0.8441
0.5	54	53	114	86	72	19	117	11	25	37	80	45	9	8	29	108	118	122	69	58	115	125	110	99	101	4	116	103	18	51	57	48	47	43	16	63	41	68	66	107	113	94	70	35	33	59	88	79	60	71	26	13	84	77	67	106	98	32	52	93	90	124	38	39	0.8425
0.5	34	106	0	47	74	25	122	50	78	18	119	32	52	125	92	8	83	58	31	12	19	126	99	10	27	35	20	86	67	112	64	39	93	91	102	54	49	36	55	87	108	116	16	75	90	29	42	30	26	97	117	81	96	24	77	60	13	40	53	105	113	114	95	46	0.8285
0.5	87	124	108	59	106	9	63	11	41	14	80	60	40	113	96	116	98	7	120	10	105	2	55	64	42	112	57	82	76	1	45	110	62	121	4	27	97	24	3	111	100	73	68	123	83	104	39	17	118	125	16	109	69	85	75	21	28	107	91	78	20	114	119	92	0.8228
0.5	118	85	29	124	114	5	31	68	96	71	106	65	120	121	2	84	32	61	110	36	99	43	83	11	12	101	20	39	3	100	26	46	112	89	63	113	64	50	81	47	7	102	117	19	92	35	91	105	13	125	87	123	55	72	95	15	122	42	76	86	51	78	58	90	0.8339
0.5	117	112	88	41	83	77	91	75	78	99	24	47	2	118	44	34	55	17	80	81	72	59	127	73	79	106	53	19	87	122	38	107	6	105	14	124	29	33	97	36	56	95	39	30	45	16	28	82	48	70	43	32	10	85	26	15	119	66	110	115	68	4	0	123	0.8257
0.6	95	3	71	43	25	63	62	76	106	57	107	68	44	21	37	74	40	77	85	58	120	92	38	55	61	110	18	48	118	27	16	10	83	124	88	125	111	34	11	97	75	103	72	47	73	105	39	14	13	46	17	23	87	35	86	7	102	2	126	101	82	53	20	32	104	115	9	108	119	69	96	121	4	8	42	117	0.8261
0.6	93	42	68	4	13	124	46	2	127	63	96	111	32	109	60	122	17	103	40	67	76	56	73	107	90	31	57	6	71	70	39	27	89	5	114	110	14	104	55	47	91	102	87	75	0	126	45	100	38	105	52	112	19	92	97	123	3	113	26	81	86	21	121	15	85	58	41	8	101	106	72	28	34	108	74	98	0.8347
0.6	109	80	5	0	20	2	90	117	15	68	66	106	31	113	48	51	30	108	40	86	29	38	62	47	99	59	54	13	4	17	95	118	16	122	44	25	107	105	97	27	94	71	55	26	121	56	89	119	11	125	92	100	39	41	74	3	82	14	75	53	34	88	116	49	78	60	10	61	45	87	102	67	46	23	18	73	0.8220
0.6	52	115	56	47	51	41	48	46	124	116	18	61	13	58	37	104	121	14	122	35	83	94	66	114	54	81	87	28	113	42	29	23	127	107	75	93	65	19	78	96	97	12	59	100	117	64	30	25	67	91	63	102	33	86	36	20	43	11	79	71	17	74	5	105	89	21	32	98	55	10	40	88	95	60	99	27	0.8257
0.6	28	121	120	73	45	4	23	116	29	58	79	56	114	21	37	31	41	113	19	10	82	38	76	124	100	88	83	30	118	64	1	66	90	126	33	84	42	110	5	49	25	60	119	34	15	98	122	52	22	46	75	55	48	18	27	39	3	108	14	92	70	24	86	61	54	101	109	80	59	71	0	115	104	44	127	26	0.8236
0.6	76	12	35	90	22	5	70	72	16	52	79	104	114	101	108	120	127	31	77	87	82	96	66	68	69	43	4	105	63	119	14	109	125	97	67	48	18	21	36	84	113	75	64	53	73	9	112	46	62	85	92	25	56	115	8	27	111	37	30	39	23	57	51	100	54	71	49	58	29	41	103	91	13	89	123	102	0.8298
0.6	63	94	67	55	79	68	118	85	124	97	52	60	127	92	76	59	109	20	117	35	5	37	119	36	95	73	47	83	21	90	23	69	57	88	111	33	6	31	39	105	1	102	81	56	12	80	41	34	103	8	38	42	61	2	19	54	18	9	46	22	96	74	51	101	87	89	49	112	4	45	71	58	84	64	15	48	0.8212
0.6	20	122	94	74	95	54	78	76	66	44	121	117	52	38	45	11	40	23	4	47	22	101	49	10	108	34	28	37	17	6	102	62	16	7	50	35	63	57	112	99	119	24	70	39	15	65	18	0	21	69	123	29	5	71	12	91	64	89	59	55	84	25	19	88	86	81	79	96	125	92	106	109	72	61	85	93	0.8441
0.6	49	31	34	30	15	89	88	32	102	96	9	2	103	98	6	108	29	126	65	62	1	71	47	84	61	46	68	92	37	10	60	42	3	67	17	39	69	44	83	110	41	122	107	12	127	113	58	95	93	73	20	86	85	7	117	120	43	26	25	21	99	94	36	79	105	109	52	48	72	82	115	51	100	8	78	59	0.8384
0.6	65	103	61	72	45	7	47	59	16	109	71	119	14	123	56	96	101	31	63	64	83	88	5	20	18	66	12	19	70	67	113	74	30	62	25	34	15	124	58	107	22	82	118	24	75	98	6	93	92	9	77	40	8	127	51	38	33	69	57	13	125	50	100	122	86	106	99	55	85	46	68	104	4	114	78	44	0.8376
0.6	28	78	62	108	99	109	11	73	125	97	91	86	111	33	83	100	65	31	84	69	81	112	90	13	10	4	61	70	85	106	40	117	19	89	39	103	116	21	121	1	43	57	8	105	26	113	87	107	60	96	51	36	37	3	74	50	38	76	54	126	58	71	27	49	104	15	120	44	32	110	14	6	63	92	79	22	0.8351
0.6	12	91	51	53	71	109	90	117	96	127	57	72	61	126	48	105	87	1	13	82	17	103	55	0	70	31	7	9	34	54	21	100	89	29	122	42	120	32	23	68	28	112	92	22	123	38	74	108	65	37	73	75	63	94	47	102	30	95	27	40	77	6	19	99	15	124	5	110	101	97	84	119	14	16	44	3	0.8302
0.6	42	125	109	17	61	89	86	104	62	18	119	124	30	12	75	38	94	32	35	106	15	2	9	46	64	52	90	101	58	93	116	56	22	118	84	26	67	71	69	115	25	70	1	74	107	24	13	39	76	88	63	65	81	111	114	79	48	16	7	73	120	72	113	28	98	37	31	5	14	108	4	102	85	41	44	105	0.8376
0.6	50	25	103	67	126	118	29	83	27	6	125	70	71	104	44	16	34	11	117	76	4	96	82	56	22	1	23	89	122	108	81	93	124	73	58	54	87	28	3	51	39	46	100	49	85	63	105	14	53	95	84	119	75	40	15	52	121	78	26	113	43	57	102	79	127	64	9	21	98	13	112	61	59	94	60	47	0.8388
0.6	125	59	96	88	16	79	104	8	43	7	109	20	6	61	10	97	49	14	30	11	90	3	18	40	13	123	55	39	78	29	1	124	62	74	48	93	47	121	116	33	87	126	76	112	50	24	36	58	72	119	92	65	71	117	73	22	103	31	57	35	25	64	84	60	5	54	107	91	95	17	83	106	111	100	32	38	0.8191
0.6	53	100	110	24	96	14	63	37	79	1	32	80	118	124	97	104	19	84	75	42	26	44	99	34	121	86	20	109	55	13	8	113	40	12	3	101	95	88	94	107	93	41	0	39	51	112	58	83	114	81	56	22	85	125	89	117	25	9	36	72	52	66	116	48	18	2	87	27	90	115	23	4	46	11	31	16	0.8310
0.6	5	108	71	27	55	86	16	42	56	116	107	31	43	29	47	14	99	87	17	97	70	105	22	123	59	60	24	65	100	68	125	8	115	89	34	39	84	82	61	15	11	113	13	88	49	41	25	119	67	111	30	48	80	20	118	72	28	90	74	63	46	53	126	77	78	93	36	73	92	106	32	40	110	124	83	1	0.8392
0.6	101	51	32	61	1	19	35	53	25	120	81	107	83	115	72	121	110	8	58	49	3	20	99	126	50	96	43	27	9	54	74	22	90	33	111	62	21	23	87	94	26	14	73	13	127	93	12	106	112	89	44	41	4	103	84	104	11	78	88	82	42	38	117	66	108	124	16	63	46	77	30	57	105	92	59	123	0.7945
0.6	75	13	40	64	99	18	47	85	14	86	28	124	55	78	103	123	100	84	51	69	125	93	73	112	115	36	38	83	45	22	97	101	15	96	33	65	27	114	62	29	116	108	110	76	72	60	113	21	2	79	107	0	81	126	34	122	24	56	39	35	57	71	87	49	17	16	53	52	8	5	63	32	3	77	11	118	0.8372
0.6	112	13	123	109	53	0	3	50	4	44	48	65	117	33	18	21	107	68	76	69	106	104	88	39	73	32	25	87	9	49	54	114	100	62	61	6	36	70	84	12	52	64	8	77	113	28	119	7	55	45	14	121	111	37	19	86	95	102	85	79	125	122	15	105	47	98	51	116	31	83	1	75	93	22	2	56	0.8400
0.6	97	8	1	126	72	19	57	18	67	86	73	76	22	30	92	63	46	42	20	117	111	13	94	114	70	58	55	105	50	83	28	102	35	78	29	124	107	71	7	62	51	24	109	116	60	122	120	38	61	33	26	27	98	85	125	74	6	5	119	104	113	10	31	95	56	75	112	15	110	118	90	127	93	80	108	39	0.8277
0.6	111	69	5	106	78	80	95	52	62	81	89	29	77	82	43	71	45	19	39	125	55	84	41	109	126	107	100	0	31	10	87	58	97	27	101	54	119	53	56	75	42	66	1	7	61	17	60	49	104	16	72	124	26	15	6	90	116	85	37	46	88	48	65	59	22	23	57	2	47	51	24	21	120	91	70	20	0.8310
0.6	69	63	50	125	89	97	48	72	83	42	44	81	112	54	103	9	99	80	20	86	3	37	108	55	12	0	96	87	57	27	43	88	39	102	109	16	47	53	123	28	115	70	117	82	92	13	66	78	98	25	65	73	7	93	33	110	91	23	15	45	2	6	90	10	34	94	29	84	120	126	17	106	74	68	52	5	0.8339
0.6	12	40	78	125	5	116	107	103	80	98	110	67	55	114	34	127	119	50	104	91	14	61	65	118	63	64	42	26	43	79	122	59	9	102	37	108	24	28	57	16	44	85	113	48	15	117	76	31	123	96	126	100	101	13	10	22	29	99	95	4	97	30	69	0	82	23	84	32	68	46	60	81	90	20	66	3	0.8220
0.6	92	117	67	115	72	1	112	35	11	73	110	59	69	113	81	25	38	87	121	12	52	75	63	21	2	10	86	36	20	64	123	96	70	61	43	28	107	51	45	18	111	124	33	14	78	83	16	66	32	119	29	106	49	74	9	98	40	94	47	85	22	55	53	62	50	44	103	6	68	104	77	89	39	57	42	46	0.8491
0.6	4	78	14	8	12	24	6	20	106	101	57	91	28	59	37	67	69	55	108	44	7	18	81	120	68	84	56	90	70	63	88	38	11	61	49	93	99	103	102	89	104	16	21	9	76	123	10	83	40	29	97	66	100	73	116	71	77	118	111	36	13	126	1	35	98	64	72	124	48	2	114	27	58	34	125	95	0.8265
0.6	56	21	76	114	118	120	55	31	90	0	24	111	2	44	4	101	5	112	53	58	74	27	110	98	77	50	75	65	9	49	123	95	42	125	29	19	72	126	35	20	23	71	87	15	85	105	83	26	97	10	102	84	7	86	100	33	25	34	52	91	41	88	79	73	106	32	38	17	28	59	66	89	61	115	93	80	0.8310
0.6	5	114	49	43	96	103	89	87	79	101	4	100	15	84	10	25	107	127	54	118	111	12	18	47	21	94	55	112	14	83	24	124	62	93	106	104	19	26	102	50	63	92	71	74	39	51	33	37	110	23	52	95	113	80	11	76	69	123	67	6	116	17	36	90	78	119	32	46	86	108	105	38	57	70	59	2	0.8310
0.6	100	67	97	29	14	5	70	80	105	62	74	87	121	3	96	99	28	72	98	30	41	39	10	42	32	27	109	107	78	122	120	103	36	15	4	108	119	37	35	6	18	88	113	94	21	68	75	110	22	69	9	25	118	102	48	44	52	73	19	26	127	79	34	115	125	111	95	8	55	1	101	86	92	71	60	123	0.8269
0.6	49	34	24	51	68	32	90	67	38	29	100	101	75	108	86	42	76	48	112	9	64	28	57	55	69	95	88	98	107	114	94	18	4	50	96	13	99	46	84	27	52	20	120	103	58	19	33	44	105	25	118	115	127	60	82	0	97	66	5	47	45	106	26	74	119	117	1	15	124	36	92	7	41	89	93	72	0.8228
0.6	41	95	94	107	48	3	81	11	63	109	108	20	58	29	126	38	84	32	47	92	10	36	85	25	117	23	106	0	24	6	120	97	69	66	34	40	113	112	98	67	62	64	91	110	105	16	46	31	89	52	77	4	7	125	28	2	17	74	15	61	59	43	30	39	54	82	127	111	22	1	104	68	9	55	70	60	0.8343
0.6	63	16	1	13	122	48	61	25	117	59	105	15	70	57	47	60	115	41	14	88	73	107	35	75	50	97	12	79	54	80	91	24	64	45	103	8	76	53	121	127	40	18	77	74	36	52	119	9	62	66	68	83	5	38	49	123	95	90	99	58	6	84	69	113	111	30	33	46	93	28	55	81	27	110	19	7	0.8372
0.6	4	85	87	19	68	78	60	17	43	66	9	89	47	123	18	40	1	10	16	25	71	31	27	113	36	103	52	72	80	50	7	34	6	94	21	76	54	79	39	67	96	12	93	44	26	114	63	126	107	30	20	104	102	95	119	49	75	109	122	22	110	29	101	125	35	73	112	5	108	83	13	74	51	92	81	14	0.8208
0.6	26	36	43	74	102	28	85	10	17	105	98	127	3	20	76	67	71	80	82	94	115	122	4	68	87	55	118	108	35	119	9	46	37	30	54	93	63	51	58	53	32	33	31	40	23	7	34	113	89	106	56	84	81	29	11	25	91	101	99	24	21	121	49	116	48	57	86	110	47	66	50	126	95	104	78	72	0.8257
0.6	60	43	53	74	58	33	2	89	108	105	80	50	67	111	122	118	54	45	112	125	48	41	98	70	10	21	71	93	32	69	104	35	8	124	31	97	94	116	63	4	15	0	9	117	38	102	84	123	30	95	57	59	121	87	39	127	17	91	82	7	19	86	120	72	61	103	29	106	109	76	115	62	81	113	99	37	0.8240
0.6	9	60	121	25	8	77	7	72	58	102	6	114	65	49	48	12	115	105	97	123	35	27	101	23	108	50	99	122	119	127	1	52	120	113	31	63	86	125	47	2	116	41	62	56	64	20	33	16	106	73	10	4	117	104	45	42	36	19	80	14	28	75	81	39	55	94	112	84	111	66	29	37	107	15	96	38	0.8388
0.6	102	30	77	57	38	88	81	85	98	92	4	90	84	59	105	0	23	67	66	113	78	41	74	40	11	8	123	94	80	22	99	117	39	71	104	6	69	54	35	109	7	53	126	31	72	29	103	50	45	12	101	64	36	76	13	44	114	19	42	107	34	24	91	17	5	3	97	56	110	18	79	124	46	43	68	62	0.8257
0.6	97	123	85	12	5	71	68	4	73	26	87	27	77	95	88	39	94	74	116	23	101	24	35	18	45	56	92	59	36	55	22	31	121	112	10	54	67	120	34	93	37	28	75	61	108	29	109	114	38	48	11	70	119	100	122	96	113	86	8	111	30	20	91	7	41	126	83	115	32	89	50	72	79	99	2	63	0.8433
0.6	43	127	11	68	105	10	60	80	71	46	35	34	112	125	99	63	18	22	51	95	6	20	88	89	33	1	8	56	113	120	81	91	86	52	12	30	107	23	54	122	103	7	61	79	26	83	4	25	109	75	74	78	111	0	48	82	31	5	67	96	110	76	2	104	121	94	28	14	116	84	70	69	73	41	21	90	0.8195
0.6	79	4	94	45	93	69	64	86	11	2	17	34	111	46	41	28	122	37	51	124	38	0	61	36	84	110	70	107	73	56	26	121	63	106	33	9	53	83	48	44	109	52	14	58	5	35	23	78	97	62	29	25	99	117	95	24	40	27	66	123	60	92	30	77	49	85	104	96	19	3	88	101	1	74	22	10	0.8257
0.6	4	99	123	59	54	84	72	56	19	58	86	76	97	47	21	79	98	78	107	124	63	120	70	11	1	22	29	110	90	55	46	121	5	64	67	3	9	88	51	92	108	38	66	111	89	7	40	45	75	118	65	73	44	41	6	113	102	50	53	126	26	71	60	37	23	119	17	77	125	20	93	43	18	115	96	80	0.8392
0.6	11	122	78	120	91	83	30	8	17	14	49	99	110	44	97	114	55	66	88	33	89	65	29	86	87	31	70	19	25	118	100	63	79	124	39	15	96	111	98	36	125	23	4	38	92	117	71	51	80	35	73	74	32	57	94	2	40	5	43	69	0	26	109	18	9	27	41	107	3	22	67	20	37	28	10	108	0.8285
0.6	77	2	26	41	37	13	94	66	90	28	61	111	100	109	8	99	103	62	124	15	6	119	52	81	34	3	5	88	79	68	97	46	96	92	0	76	7	75	33	60	27	24	85	39	25	84	40	80	21	11	44	54	58	36	118	63	31	47	120	32	123	55	73	20	83	105	115	106	78	51	91	43	95	12	125	42	0.8355
0.6	62	2	59	29	54	92	86	27	50	15	44	98	108	76	91	4	118	66	124	52	123	80	72	19	55	115	14	96	85	84	47	125	48	46	90	93	43	20	117	105	7	122	116	58	88	89	57	103	77	126	39	87	120	82	53	0	21	112	102	73	56	45	41	6	40	49	69	78	111	22	10	71	23	9	75	74	0.8175
0.6	39	108	9	37	80	63	79	60	2	45	81	93	27	84	110	114	57	59	90	38	32	19	40	35	52	48	16	68	1	33	55	67	28	111	15	29	88	125	46	64	20	92	102	44	112	74	30	96	25	127	62	7	66	107	83	53	70	117	106	18	105	24	36	56	4	23	14	101	119	34	0	10	58	71	51	113	0.8195
0.6	113	104	124	94	43	107	64	62	6	102	103	90	72	34	79	21	5	58	54	77	115	69	108	65	123	49	24	27	125	99	30	42	118	31	33	105	51	29	127	68	0	81	73	84	45	66	60	40	47	92	112	101	41	117	18	35	48	106	120	82	93	91	96	122	114	70	75	76	11	98	15	38	53	10	16	3	0.8162
0.6	61	62	51	22	28	26	74	89	25	126	42	11	56	76	75	49	125	40	13	84	21	100	27	119	33	24	116	18	102	63	29	69	96	94	120	70	53	66	91	14	82	93	59	124	97	17	118	19	103	72	1	85	115	88	32	65	23	10	41	117	36	90	5	112	92	8	9	48	105	44	16	3	2	20	106	99	0.8191
0.6	75	44	116	31	23	16	2	82	124	24	91	34	67	104	72	98	125	95	6	41	27	17	0	106	69	115	11	50	118	87	51	108	46	101	19	113	55	94	120	110	28	92	99	47	20	96	36	7	10	54	86	26	119	70	58	1	85	109	49	88	63	114	76	21	32	22	18	40	103	102	105	93	39	127	56	121	0.8441
0.6	10	22	29	101	80	108	24	121	90	53	21	100	127	75	15	117	84	8	39	113	77	61	125	59	48	33	60	82	38	37	19	42	107	81	3	12	27	120	52	1	5	43	13	16	118	69	126	98	47	56	114	28	64	51	71	89	99	97	115	109	20	62	88	2	35	23	55	85	6	112	78	105	123	68	110	124	0.8179
0.6	114	98	74	66	24	109	77	88	50	124	121	64	94	86	117	47	69	8	112	76	115	125	99	16	100	46	95	101	82	67	83	78	44	12	60	55	80	27	71	17	34	13	5	39	7	14	81	45	92	29	20	102	93	23	90	22	87	110	59	104	36	18	89	85	79	127	108	120	25	65	126	105	116	43	4	119	0.8269
0.7	117	59	6	21	0	32	65	42	10	123	55	99	9	30	18	85	69	70	87	126	68	14	76	44	127	19	96	25	5	88	74	106	72	41	71	94	2	58	31	56	15	107	114	81	62	73	64	8	108	33	60	35	50	61	37	51	83	13	47	113	7	103	67	38	125	66	116	89	119	45	23	39	97	84	17	63	90	22	86	120	1	24	82	109	92	36	118	28	122	0.8220
0.7	88	30	67	17	121	36	24	97	41	56	57	86	10	81	22	87	79	115	12	109	101	98	91	99	123	42	44	0	107	96	113	18	32	122	61	64	31	77	82	118	43	71	62	3	116	110	48	124	34	72	15	111	11	106	19	73	90	63	26	108	74	95	33	46	93	49	102	29	7	50	126	55	25	58	37	89	125	23	100	5	35	51	4	85	105	65	53	45	84	0.8400
0.7	1	49	53	23	100	87	16	33	62	107	90	86	2	124	15	77	27	41	121	56	38	96	76	98	28	46	4	29	123	69	60	36	57	112	99	13	61	114	34	84	88	19	8	102	97	54	58	18	122	113	111	47	117	91	68	22	66	75	73	103	0	42	37	106	10	65	7	24	43	74	115	89	82	40	55	3	30	31	12	127	44	64	21	25	120	20	32	105	78	0.8212
0.7	0	73	75	94	13	47	79	29	61	56	41	92	111	24	89	81	45	60	72	127	34	107	91	33	88	82	48	32	90	31	97	50	59	108	74	3	124	2	25	85	80	112	52	14	118	43	5	109	28	78	122	123	76	86	77	126	9	53	64	8	71	115	69	68	54	42	104	55	63	40	96	95	27	17	11	39	83	10	30	121	87	12	26	120	4	102	119	37	62	0.8347
0.7	18	98	99	101	100	52	72	87	122	54	116	55	111	13	109	24	89	22	56	34	46	49	47	97	102	50	80	108	110	27	115	31	112	92	19	4	1	113	10	11	81	9	25	8	58	2	73	120	0	40	85	96	83	119	77	26	17	64	125	124	39	14	48	82	43	62	61	20	53	57	103	44	23	93	38	117	68	59	106	105	65	86	90	88	7	118	33	66	127	0.8249
0.7	16	6	62	63	44	51	15	11	32	18	2	106	120	105	73	14	85	117	19	126	57	97	34	29	21	3	71	20	80	43	95	9	127	1	103	122	53	37	79	100	121	31	89	4	33	12	114	72	111	35	64	28	66	70	50	36	26	60	56	92	84	94	27	49	58	39	110	78	102	54	40	75	23	109	25	115	46	118	77	96	48	76	8	83	13	91	98	87	90	0.8035
0.7	33	51	26	24	79	31	118	87	52	28	44	16	69	5	127	34	49	35	71	9	104	61	73	74	64	12	53	91	63	77	57	84	8	62	103	107	39	122	100	105	45	81	124	22	108	15	10	72	99	82	116	2	50	58	43	41	113	97	46	0	94	32	95	88	67	126	47	11	123	90	76	92	109	13	7	19	101	114	23	66	111	4	86	3	21	1	115	55	38	0.8322
0.7	93	38	55	29	88	68	61	103	66	98	43	60	72	12	23	22	59	107	31	39	13	123	75	89	50	94	52	87	74	80	71	37	121	81	47	56	97	7	84	91	105	48	118	90	125	110	54	5	51	124	10	2	19	100	49	32	11	64	119	35	42	111	25	79	127	6	114	20	1	117	28	85	58	108	40	0	30	115	78	36	24	8	27	18	16	15	109	113	62	0.8372
0.7	123	72	16	114	47	121	46	127	59	94	83	44	117	2	65	33	60	76	89	93	49	45	27	62	53	57	77	42	100	92	78	12	119	32	110	90	50	115	51	29	21	125	22	101	85	4	88	68	112	120	104	55	69	66	70	10	43	28	79	58	23	102	9	109	15	73	1	20	95	97	118	17	64	30	106	87	122	41	6	18	81	96	40	82	11	75	124	19	103	0.8277
0.7	14	107	13	50	1	60	0	72	65	42	63	84	39	92	90	38	26	118	73	74	83	106	121	89	44	32	80	79	122	115	127	69	11	55	15	113	77	93	102	35	5	99	52	75	91	8	120	110	51	81	58	48	101	68	104	12	123	96	21	33	124	3	37	40	103	7	6	45	66	109	59	61	46	119	108	64	53	19	54	125	24	114	82	9	95	25	2	43	86	0.8306
0.7	5	13	47	50	73	100	125	32	14	65	83	79	126	86	56	33	84	108	53	23	106	60	117	11	118	104	112	98	93	52	66	109	44	48	77	1	64	71	49	97	111	28	63	120	96	76	39	70	27	12	102	38	37	122	103	113	22	19	29	116	42	26	82	95	58	3	99	15	55	57	110	45	41	78	92	25	114	62	61	21	87	85	80	16	10	0	121	119	51	0.8339
0.7	121	91	51	45	24	19	40	118	3	47	33	127	81	115	44	107	83	60	34	106	67	64	103	72	98	41	101	18	90	123	26	35	88	100	68	4	16	95	108	84	86	49	20	105	43	120	122	2	53	39	54	102	97	57	10	63	52	30	17	113	66	110	29	76	15	117	31	109	42	80	28	70	99	87	11	32	65	9	77	61	48	25	14	22	78	0	124	79	126	0.8273
0.7	92	25	2	31	35	1	111	53	79	16	64	42	26	94	45	55	7	9	33	98	127	58	93	41	89	10	72	36	87	117	118	6	96	38	125	86	70	68	37	22	101	102	81	115	108	54	59	44	11	62	23	18	107	103	75	43	105	100	50	14	4	124	104	48	17	63	113	88	77	121	8	97	122	28	109	65	126	20	83	74	49	12	95	69	13	84	67	114	51	0.8105
0.7	42	37	106	48	97	25	35	46	57	72	90	71	8	60	51	7	94	16	56	109	92	17	103	84	85	95	49	122	0	38	96	18	62	54	20	41	77	24	101	67	66	5	89	45	125	117	76	99	88	75	26	29	63	93	87	27	9	104	74	102	111	31	119	34	13	116	68	81	23	43	2	55	4	126	30	44	58	3	98	100	80	39	21	113	50	123	73	12	15	0.8253
0.7	19	112	46	15	7	120	10	60	59	69	28	57	39	90	114	43	99	92	2	71	115	104	121	21	108	11	45	9	13	26	38	61	5	65	63	53	4	119	8	127	14	3	23	42	44	29	111	41	94	88	123	12	124	56	6	34	86	80	126	47	83	0	62	97	52	32	91	100	98	89	103	78	95	17	40	101	82	110	16	51	122	1	18	76	85	118	25	87	70	0.8199
0.7	97	119	58	27	107	26	18	89	60	28	3	125	101	98	21	39	124	37	66	105	6	24	7	75	63	115	104	74	38	16	10	111	93	2	96	61	126	20	102	81	112	40	72	50	79	109	52	94	44	77	90	80	73	78	42	14	69	25	83	85	48	54	106	116	31	127	15	36	123	82	92	117	62	9	13	65	19	29	5	110	1	43	45	51	87	55	59	8	64	0.8220
0.7	29	44	91	14	109	124	69	65	113	53	107	45	85	26	0	126	35	70	115	114	89	48	22	102	76	105	95	3	78	66	122	39	73	4	38	36	112	84	54	92	63	28	33	121	120	87	7	68	19	11	2	106	58	27	110	79	97	17	118	32	71	82	18	127	40	119	86	21	37	93	104	25	24	83	57	125	1	51	88	31	12	117	103	94	64	9	47	77	6	0.8306
0.7	111	6	78	86	47	38	122	94	43	18	90	50	9	64	1	32	45	104	82	14	5	119	52	4	37	30	105	116	11	22	10	74	83	92	26	75	84	15	63	126	29	55	120	125	96	101	115	3	56	28	76	77	69	108	99	103	87	80	113	16	53	59	112	106	71	17	60	67	62	91	109	70	117	81	36	124	127	118	100	42	102	73	66	49	8	85	93	65	25	0.8121
0.7	31	44	6	33	20	115	80	38	125	3	48	1	19	29	32	76	122	75	17	124	72	59	97	67	106	74	41	55	28	73	85	63	104	126	13	102	36	25	93	8	60	81	0	117	26	64	114	39	18	5	77	54	14	56	88	4	90	113	103	43	89	105	66	71	50	112	10	78	24	120	11	69	27	87	111	2	51	70	123	119	99	118	52	62	108	40	47	79	57	0.8285
0.7	0	39	40	32	37	29	61	60	126	15	116	19	103	101	38	44	109	83	53	69	41	49	85	88	104	48	12	81	75	43	46	96	21	3	63	26	90	9	80	2	70	66	36	84	112	4	6	8	34	68	74	76	105	113	92	110	28	93	115	51	123	1	78	45	30	23	33	58	17	100	59	16	114	42	119	25	117	73	5	65	50	62	111	27	99	31	106	71	47	0.8236
0.7	99	125	62	87	123	9	32	39	53	109	26	91	75	94	41	100	1	12	29	60	96	5	38	126	0	35	40	88	102	37	115	42	107	58	101	21	82	57	68	11	114	18	86	84	30	51	36	6	105	124	61	73	118	120	74	77	27	23	106	67	4	16	33	69	34	7	97	22	95	108	10	122	110	45	103	31	83	127	50	65	2	8	117	56	71	52	85	13	14	0.8368
0.7	55	18	39	21	42	120	98	57	97	1	13	126	47	86	34	14	77	82	124	35	109	11	105	0	95	30	73	17	80	103	119	61	79	66	117	94	118	27	116	83	114	15	31	125	90	49	22	51	93	41	6	8	64	100	71	33	81	115	107	25	62	4	50	37	65	28	56	48	7	3	32	112	92	106	58	53	75	91	12	121	26	36	24	23	63	101	19	54	87	0.8240
0.7	75	93	121	7	109	6	64	8	120	1	34	105	46	53	92	21	5	42	127	125	119	118	85	15	27	31	12	26	116	89	54	112	96	52	60	122	13	17	28	77	14	23	22	25	41	70	39	100	115	0	102	20	94	91	47	76	99	113	123	57	62	35	32	83	78	49	95	16	107	48	126	87	79	36	97	40	63	33	80	50	29	65	86	56	124	84	106	110	104	0.8261
0.7	96	42	109	68	33	73	19	49	118	122	10	0	16	6	95	47	99	87	52	55	103	9	32	38	36	101	97	50	70	82	114	119	31	85	64	123	84	24	78	22	56	40	45	18	5	39	65	105	76	93	79	20	120	75	30	66	12	1	57	69	62	71	104	102	86	91	81	117	48	46	83	7	51	112	90	106	60	67	108	63	14	116	58	27	23	127	121	11	28	0.8203
0.7	59	113	105	121	101	23	19	111	79	53	124	43	13	48	126	18	81	98	4	40	118	87	29	125	71	27	91	44	39	92	70	33	74	90	63	100	45	32	95	47	55	115	65	15	11	12	9	109	110	119	106	89	35	85	78	83	31	20	62	93	3	97	103	30	66	42	8	72	56	61	46	50	64	26	21	38	114	107	5	99	41	84	52	117	75	112	28	77	120	0.8158
0.7	38	45	27	15	20	32	105	2	116	19	4	73	104	74	10	63	82	46	64	96	71	11	118	6	68	58	37	119	17	22	30	36	90	70	25	8	47	72	113	87	121	7	31	101	120	98	79	54	117	39	12	89	75	97	3	52	9	102	84	40	41	85	57	34	115	0	5	100	16	88	42	112	24	122	125	53	76	81	114	103	126	123	111	86	93	51	69	99	61	0.8318
0.7	67	10	54	88	16	103	39	70	78	108	91	106	42	99	35	48	117	32	126	63	68	118	25	47	121	94	3	122	61	24	69	6	55	76	0	14	77	66	85	89	44	87	22	52	19	49	59	31	81	113	123	104	115	8	71	84	56	51	2	86	80	50	26	57	124	101	1	127	34	107	100	105	30	109	27	28	7	17	96	46	33	125	114	4	110	12	112	36	21	0.8150
0.7	115	6	98	8	127	35	90	2	48	94	53	71	120	23	72	10	105	58	4	51	3	73	0	33	83	93	87	1	43	59	21	68	16	12	50	29	84	5	56	61	116	38	14	54	32	60	101	78	66	117	104	42	39	20	109	46	118	97	95	119	64	19	44	77	55	45	122	82	100	85	17	70	96	40	13	52	99	92	124	86	37	106	27	121	47	57	36	18	79	0.8199
0.7	120	15	104	106	86	18	94	51	95	123	61	47	125	58	90	114	109	14	83	103	76	85	99	10	69	93	37	3	74	11	5	124	23	24	102	28	12	55	77	57	44	25	112	52	26	71	35	16	46	64	82	101	62	110	49	30	31	108	0	56	33	59	4	118	115	22	54	113	87	121	39	7	36	98	38	45	29	79	111	88	75	6	72	105	43	19	17	96	9	0.8146
0.7	55	13	12	56	37	59	94	8	30	44	102	82	36	118	21	114	119	49	35	85	46	64	29	65	99	75	61	93	18	66	2	108	20	6	123	47	27	84	52	117	4	120	3	1	126	115	76	71	38	41	124	116	23	78	9	7	22	48	79	31	110	70	15	24	62	67	45	96	125	98	60	33	127	113	42	91	68	28	51	97	39	111	86	83	16	32	87	81	103	0.8154
0.7	47	34	39	42	8	30	112	96	50	97	118	2	98	103	44	49	74	7	93	84	14	66	11	102	21	113	58	115	46	22	92	123	27	73	100	109	90	63	43	87	95	125	20	33	29	89	86	24	57	127	117	104	12	62	121	80	52	72	0	5	119	91	78	88	75	19	107	60	120	70	36	4	15	45	114	106	111	51	79	64	55	40	56	81	101	17	53	54	9	0.8347
0.7	4	1	46	31	80	90	97	121	60	91	99	30	93	21	69	57	61	0	87	68	41	24	75	116	124	117	22	67	8	56	54	10	51	53	9	35	29	27	2	6	3	111	58	47	109	71	11	115	23	48	86	77	40	84	43	26	78	14	16	39	114	95	110	107	66	113	106	85	12	20	37	36	96	62	25	55	28	104	81	92	50	123	74	44	108	89	83	18	82	0.8281
0.7	13	80	6	103	118	45	85	7	34	94	125	68	37	5	49	52	47	121	43	102	19	40	117	26	81	33	86	22	38	28	107	1	31	56	75	18	71	69	120	79	100	98	25	106	76	60	41	2	108	111	27	48	123	88	119	63	12	109	124	87	101	8	72	84	74	58	32	57	82	10	99	77	39	92	46	89	0	66	29	20	104	96	65	115	114	54	51	97	21	0.8048
0.7	80	82	18	37	115	108	123	30	6	52	24	20	72	78	89	59	40	46	73	60	113	74	109	5	58	4	116	7	45	42	79	87	15	93	56	124	120	26	112	100	94	125	31	16	69	55	76	17	97	48	114	13	32	47	104	105	3	21	41	43	86	122	39	14	101	95	65	49	71	98	127	12	106	35	28	29	70	1	36	107	102	68	77	118	121	64	88	9	84	0.8261
0.7	127	89	126	12	111	98	122	113	17	6	60	119	74	1	8	75	103	78	77	45	101	69	53	47	88	65	90	94	96	58	107	99	86	23	31	26	62	108	116	28	114	51	42	56	63	16	117	105	36	124	118	110	55	76	35	43	11	100	57	72	93	20	2	102	79	81	33	50	39	59	115	70	92	5	109	4	37	44	71	85	82	24	19	54	121	27	125	64	106	0.8372
0.7	63	16	18	66	103	76	80	120	81	84	94	48	2	127	71	13	105	1	79	64	52	85	28	108	93	86	78	31	112	3	21	40	116	24	50	60	67	83	23	30	55	99	87	20	32	62	122	41	54	119	19	4	57	59	44	53	37	33	115	11	51	69	29	113	73	110	89	70	101	45	117	125	104	111	27	7	22	118	9	102	95	10	12	25	61	100	65	92	0	0.8355
0.7	12	42	49	75	9	34	113	25	60	2	51	87	92	16	89	57	45	20	94	91	48	36	1	59	66	11	6	88	95	108	84	5	112	35	79	15	77	38	105	68	40	125	99	24	127	81	86	39	97	90	50	23	104	121	33	120	54	53	31	4	21	116	14	124	73	0	114	64	8	76	122	62	18	69	71	82	100	118	28	72	80	110	96	32	47	103	109	101	58	0.8203
0.7	32	105	119	62	107	124	2	114	29	15	47	31	50	57	30	82	68	84	25	63	72	61	98	125	109	127	99	110	120	106	70	22	93	40	59	79	86	27	16	96	55	35	1	11	44	112	66	7	103	88	36	73	95	76	65	113	74	14	19	28	56	37	18	20	60	77	4	89	64	53	49	123	71	91	102	118	69	121	0	54	42	43	26	117	24	75	10	13	5	0.8154
0.7	74	1	68	48	6	27	124	100	72	111	31	34	61	14	3	104	110	109	64	38	78	43	42	32	54	63	47	28	51	81	56	5	106	118	16	60	46	44	83	22	71	114	123	36	80	99	0	116	112	125	66	73	41	120	127	4	103	23	82	13	57	122	85	15	62	39	65	84	101	93	95	20	108	12	97	88	18	70	113	25	29	87	107	115	58	92	94	35	121	0.8236
0.7	53	89	127	17	34	26	0	114	90	12	43	84	119	99	105	62	4	61	108	120	8	21	33	25	63	97	31	76	124	6	55	122	69	40	15	41	75	96	66	79	14	5	74	35	82	24	54	85	27	67	109	101	71	123	121	87	118	39	45	23	93	50	94	42	37	91	92	116	115	65	68	1	78	95	56	104	83	49	111	81	48	51	57	16	125	20	29	117	36	0.8376
0.7	8	71	124	113	80	64	45	118	52	93	104	55	35	40	92	87	115	110	23	24	114	28	7	90	62	47	0	15	25	78	46	10	59	105	75	18	112	108	20	74	60	61	26	111	6	96	13	31	109	81	1	53	34	39	85	48	50	99	17	49	117	101	94	100	42	86	106	11	44	72	67	21	122	2	127	88	89	14	83	58	82	56	63	12	57	4	79	73	54	0.8244
0.7	5	31	58	66	85	101	95	42	98	84	12	33	64	18	40	36	21	28	125	123	51	45	30	94	62	103	37	91	27	52	63	102	113	11	17	82	57	2	80	6	106	13	24	124	126	100	105	86	38	35	46	50	69	76	118	39	77	114	78	108	67	22	117	56	1	90	49	44	112	121	0	97	111	119	79	19	25	43	96	60	83	89	127	15	26	41	8	109	20	0.8175
0.7	47	116	121	60	58	32	83	0	112	42	71	107	101	69	30	96	117	22	31	105	50	41	28	93	1	124	9	19	123	67	33	52	46	3	72	35	65	37	118	64	7	18	62	51	84	44	56	127	82	126	63	57	92	10	73	97	106	80	5	98	24	17	88	108	8	99	74	111	4	39	76	85	36	54	68	89	2	66	119	115	55	11	113	122	79	34	14	109	38	0.8138
0.7	58	104	79	8	38	91	93	31	36	69	61	64	60	41	124	65	25	108	75	107	76	32	100	42	66	3	85	110	123	47	54	86	127	18	105	24	84	17	98	30	72	82	126	10	20	55	23	71	1	44	116	21	114	125	16	6	29	77	19	62	48	103	46	13	0	34	26	7	92	74	121	115	99	33	45	89	12	15	87	78	57	14	111	94	67	28	113	40	51	0.8199
0.7	115	82	60	66	91	10	30	109	62	59	14	113	56	42	119	93	121	64	100	75	19	43	102	101	96	58	28	39	118	11	38	21	48	81	31	126	25	9	69	76	46	37	41	105	74	27	15	44	77	85	61	108	55	1	18	23	47	98	34	83	127	17	73	3	114	72	54	36	40	89	13	86	51	88	49	68	90	122	70	123	117	84	33	2	110	5	99	92	106	0.8314
0.7	47	14	99	26	1	125	116	102	82	127	22	25	53	101	48	66	10	17	3	126	38	60	107	56	6	98	63	67	27	23	81	77	44	19	28	93	32	5	71	21	83	8	124	41	57	30	96	61	120	118	33	20	34	68	95	78	74	76	37	43	88	105	9	91	46	115	97	29	80	45	55	51	59	54	24	70	106	121	111	7	52	12	109	69	86	89	11	103	84	0.8331
0.7	89	6	127	108	100	95	5	65	29	72	63	69	10	45	28	118	79	24	18	67	11	57	126	52	26	48	16	13	27	40	74	125	41	61	102	70	71	4	32	84	97	36	49	76	101	30	106	90	9	92	83	38	58	121	23	122	44	47	93	107	54	119	37	56	14	2	19	103	111	21	98	82	34	99	113	51	66	116	50	105	20	17	0	80	117	39	86	15	75	0.8269
0.7	4	51	12	68	16	62	35	24	83	87	101	78	94	57	60	52	89	30	9	112	27	104	95	85	38	69	59	6	116	36	26	118	99	121	5	125	1	53	39	91	8	114	21	14	46	124	11	55	40	18	84	119	33	115	74	44	71	13	34	108	15	106	10	25	54	41	20	58	76	109	2	111	61	117	92	73	72	75	100	102	19	0	82	122	29	126	56	79	37	0.8306
0.7	104	124	53	113	95	32	96	99	21	88	87	115	82	25	85	13	66	86	127	47	92	101	41	94	108	126	34	60	61	35	16	37	22	7	81	122	69	18	52	17	42	63	26	117	125	80	56	28	11	89	68	1	0	36	110	103	2	27	106	111	116	15	4	58	93	23	31	14	8	77	65	45	49	6	19	38	121	57	46	48	107	29	91	100	44	70	55	78	59	0.8240
0.7	44	83	95	48	80	101	2	66	64	28	6	96	15	1	67	108	77	94	63	4	76	39	123	117	51	90	16	41	0	120	43	22	18	126	78	118	54	20	114	81	72	8	17	37	5	100	46	98	107	79	25	49	7	74	82	27	24	13	50	87	58	109	116	97	31	110	85	104	56	47	122	84	113	71	86	14	69	23	102	112	45	42	115	65	61	68	55	111	40	0.8326
0.8	11	30	84	119	1	101	44	90	24	76	6	93	68	126	62	8	27	23	123	105	80	112	92	117	115	58	109	21	31	127	49	125	42	99	72	100	32	66	19	55	9	50	40	35	118	36	122	63	120	22	94	5	87	116	81	97	86	96	59	104	4	98	2	83	15	106	91	95	38	43	73	75	25	78	18	39	88	33	46	37	67	20	79	77	0	45	61	124	10	53	107	71	69	111	34	110	74	65	85	54	64	103	0.8101
0.8	13	100	19	121	109	127	48	87	115	34	31	70	65	36	37	18	122	98	94	3	38	105	25	53	119	5	8	23	33	88	82	95	4	58	126	52	89	9	32	50	68	60	110	124	84	91	46	72	63	112	14	85	40	7	86	28	64	118	99	73	104	120	2	78	123	114	11	24	15	102	92	43	54	67	96	12	125	81	55	17	83	116	51	77	71	20	79	111	59	97	66	16	69	0	47	117	21	27	101	29	41	103	0.8035
0.8	45	33	5	116	64	16	38	120	81	99	101	86	62	83	11	24	109	23	10	19	91	96	66	78	29	65	40	77	22	67	98	113	3	103	37	44	118	34	46	87	27	47	14	121	7	75	43	102	73	56	71	15	60	117	4	69	39	107	114	52	57	18	26	125	0	25	32	80	8	68	76	20	54	85	70	50	53	123	48	72	106	30	100	110	104	126	2	1	112	59	122	84	74	17	95	55	115	58	28	94	36	124	0.8076
0.8	51	75	49	73	93	74	44	16	1	116	21	22	38	39	25	29	13	100	90	114	35	84	110	6	56	78	91	12	2	5	45	66	36	24	105	20	70	101	65	64	67	92	52	30	41	40	32	118	107	115	61	98	121	127	46	119	69	4	47	57	50	23	79	60	81	77	72	103	14	89	37	113	111	126	28	83	3	82	95	10	112	122	42	9	11	96	27	125	71	34	31	104	120	26	53	18	0	55	86	63	99	62	0.8298
0.8	123	125	63	113	127	6	3	20	92	60	18	52	98	70	44	0	109	72	23	27	8	97	1	13	87	39	68	49	111	34	84	17	25	81	85	90	82	21	126	102	122	45	15	64	46	104	78	65	101	37	61	35	53	40	83	48	38	89	22	33	120	69	121	80	9	59	29	108	14	77	124	24	110	94	54	51	93	117	106	2	12	88	112	62	74	114	96	26	115	76	11	103	28	119	50	5	105	10	32	75	31	91	0.7957
0.8	62	19	41	83	4	5	24	88	30	39	91	15	23	102	85	27	26	126	38	110	94	95	8	86	122	17	2	69	50	1	52	118	28	7	120	12	81	106	115	67	47	90	79	96	48	18	100	104	53	101	103	93	66	44	3	114	82	72	105	113	54	65	59	111	97	108	92	71	80	14	6	37	56	55	89	36	20	10	49	64	0	125	70	13	9	29	63	109	87	35	74	119	40	127	58	78	117	57	33	43	76	77	0.8273
0.8	21	89	118	16	122	74	29	80	117	107	125	113	94	6	108	34	50	77	33	24	73	110	28	72	7	70	43	45	51	123	19	31	40	103	106	92	112	25	48	10	115	76	78	54	38	114	56	22	0	84	98	57	111	32	1	62	97	61	66	37	59	30	26	12	101	91	75	87	104	60	88	8	124	90	44	2	120	11	52	18	36	64	39	35	4	49	102	58	99	82	67	71	100	63	83	126	105	121	81	47	20	85	0.8007
0.8	123	20	62	27	3	9	71	21	1	75	67	89	42	4	83	28	18	47	104	70	72	76	10	43	74	121	101	12	48	13	46	17	124	25	26	116	55	122	78	14	92	126	95	22	109	8	82	108	5	106	107	0	61	29	2	36	38	34	111	103	91	24	19	11	45	127	115	60	56	50	100	41	40	49	96	64	90	79	102	59	57	51	81	80	32	110	23	63	77	33	66	73	120	6	37	54	99	68	88	94	119	16	0.8130
0.8	54	83	7	66	93	21	46	60	122	59	101	120	22	98	27	74	125	63	69	20	14	32	51	10	23	73	19	67	95	116	127	26	37	2	47	110	121	33	85	72	56	78	40	35	119	64	42	70	107	80	25	113	65	118	1	99	77	4	97	96	30	8	126	75	88	61	57	55	94	18	105	6	111	91	115	86	31	41	84	114	13	0	68	124	5	100	29	48	123	50	28	52	104	109	71	24	16	106	12	112	36	102	0.8080
0.8	101	19	14	20	37	16	25	56	90	126	30	32	59	60	85	102	10	63	110	13	0	42	123	9	24	38	21	98	34	52	4	71	64	17	80	119	45	104	113	74	86	73	1	124	67	97	55	22	70	35	62	33	112	36	114	77	116	48	40	94	47	93	127	65	41	111	91	23	18	95	44	96	61	121	27	57	109	53	39	89	92	120	105	115	100	117	26	8	72	68	5	29	7	46	58	6	76	51	43	82	50	87	0.8216
0.8	82	8	98	86	94	127	17	52	40	4	108	37	32	89	124	19	0	18	59	113	87	73	72	67	76	25	49	112	34	28	93	7	50	16	3	80	102	1	27	121	46	6	101	85	88	51	84	126	74	35	91	118	64	69	48	33	30	122	65	79	26	95	14	115	97	54	92	66	77	42	29	103	61	90	83	78	12	123	111	100	41	99	47	105	107	104	68	55	10	45	44	62	43	109	57	75	22	60	70	116	56	5	0.8253
0.8	104	13	31	46	117	109	61	11	19	23	28	7	25	95	68	34	70	64	53	59	106	1	50	41	55	12	74	18	110	100	60	119	114	45	43	30	36	89	77	16	91	22	81	39	105	58	8	15	26	6	63	52	121	78	57	73	42	112	103	86	51	66	5	96	69	48	85	0	122	44	10	14	47	56	4	88	9	35	97	108	71	20	107	24	113	79	116	90	83	115	72	76	27	33	82	99	120	123	111	32	62	101	0.8261
0.8	5	43	81	42	14	124	28	115	3	119	75	49	56	37	92	11	25	78	2	112	107	97	74	1	32	52	116	71	9	96	80	105	17	113	46	110	15	10	125	117	100	34	101	82	55	21	38	29	44	22	121	93	62	48	118	84	51	83	88	79	26	40	126	65	41	89	98	35	77	72	102	95	0	36	69	27	18	6	108	31	68	16	67	33	53	20	127	7	70	66	23	99	4	103	19	94	39	54	12	64	85	50	0.8191
0.8	16	85	54	28	91	18	90	92	46	79	31	52	9	111	66	36	35	41	65	33	17	23	56	104	106	95	12	44	67	68	29	73	120	0	123	78	3	59	117	40	113	75	98	110	19	30	124	74	127	107	116	22	80	4	119	13	48	76	55	122	5	81	6	125	87	84	24	86	11	82	43	94	115	112	38	8	51	14	57	50	72	62	34	63	42	10	69	105	100	27	97	7	37	118	126	61	103	60	102	49	39	21	0.8023
0.8	33	110	97	48	10	127	26	68	113	102	70	96	67	117	13	3	34	45	44	54	119	95	88	37	25	61	19	16	86	121	24	38	47	65	41	57	105	23	116	49	77	123	66	36	39	53	72	2	112	126	22	75	118	104	94	42	43	87	62	100	31	56	83	9	1	35	14	124	111	32	69	103	79	5	27	108	46	4	29	84	98	51	8	7	114	99	11	81	55	101	12	82	107	91	122	109	58	17	28	6	78	80	0.8130
0.8	28	59	20	113	4	98	120	111	123	53	117	23	97	56	1	110	105	119	83	9	95	68	3	66	46	73	32	18	6	127	8	82	40	75	16	19	93	108	78	36	58	84	88	12	103	65	34	17	106	85	29	91	86	62	13	52	5	22	48	44	38	99	80	11	43	57	21	60	50	69	101	114	27	61	35	67	102	37	39	81	92	96	26	72	14	33	79	41	30	104	42	31	64	122	94	51	24	0	125	71	124	121	0.8142
0.8	66	41	79	76	95	15	27	29	48	28	5	31	19	10	70	109	98	83	118	22	110	77	35	74	37	43	14	112	40	100	18	60	120	65	119	24	47	71	84	17	113	90	105	61	96	38	101	102	56	32	20	13	94	92	123	115	9	89	78	97	1	99	45	80	111	33	23	4	12	114	30	53	39	63	108	85	124	21	11	69	52	42	16	86	55	127	125	91	8	57	58	36	67	26	49	44	3	34	116	68	75	126	0.7970
0.8	97	93	76	23	59	78	4	49	27	31	83	11	111	9	35	117	43	17	80	44	124	74	70	66	32	112	60	72	103	30	13	71	40	118	22	36	65	82	24	86	37	89	85	53	110	38	10	16	94	39	14	123	19	96	67	90	54	48	119	47	127	56	100	81	98	7	88	99	87	109	113	20	33	52	1	45	29	84	3	57	46	62	115	95	125	122	61	25	79	18	8	126	69	75	104	26	12	51	73	114	102	64	0.8113
0.8	52	126	33	117	112	44	12	56	109	3	16	20	59	8	111	42	96	72	77	35	45	79	32	29	48	4	114	7	116	54	49	123	62	113	41	73	50	1	70	55	19	22	86	63	101	95	119	82	11	6	23	80	26	105	107	98	84	18	85	75	25	34	39	127	76	97	115	27	78	74	87	66	108	94	118	110	5	24	92	43	102	122	124	28	10	30	99	38	103	57	2	21	69	37	58	93	125	90	81	121	67	17	0.8195
0.8	43	126	11	22	70	99	77	13	55	97	119	32	71	57	78	23	42	44	40	29	52	10	114	72	108	58	83	47	87	20	80	65	5	56	120	88	96	101	48	38	17	75	116	66	0	109	34	91	115	81	26	33	84	16	63	15	121	30	19	18	111	27	124	125	36	100	69	86	89	123	60	118	98	122	14	106	102	110	3	54	21	1	46	7	113	93	79	51	104	24	105	127	25	49	68	67	35	2	6	53	76	85	0.8150
0.8	39	103	100	84	3	106	72	92	116	45	93	37	127	59	62	31	10	33	14	76	115	97	111	118	71	126	112	108	89	55	83	41	16	23	17	7	2	27	109	120	36	52	98	43	85	20	101	95	75	60	32	8	105	125	0	64	47	61	79	86	53	34	122	19	6	121	29	102	113	25	54	5	107	57	69	63	110	96	104	56	78	51	82	35	48	90	18	74	117	114	70	50	42	9	24	94	73	67	80	124	46	58	0.8142
0.8	113	103	38	79	107	91	80	86	19	28	65	25	81	20	5	13	43	34	88	85	123	82	111	67	41	112	36	6	74	97	56	122	11	7	58	109	32	69	46	45	21	51	47	62	33	89	61	24	125	55	90	2	66	68	115	3	39	93	94	105	121	126	22	23	26	64	120	77	29	15	48	117	37	30	108	16	71	102	44	4	12	9	50	35	101	17	10	59	72	124	60	63	106	118	27	95	42	83	57	73	116	0	0.8076
0.8	105	23	58	121	86	114	78	19	108	122	112	21	34	26	15	94	70	110	3	51	81	41	103	92	106	87	109	127	40	116	107	50	95	56	42	54	104	24	9	83	60	77	75	1	84	115	64	100	55	125	80	0	88	37	53	63	36	73	57	49	118	45	96	69	30	16	4	38	48	111	44	14	71	31	2	32	102	66	17	35	124	93	76	82	10	29	12	43	61	120	28	101	99	67	113	8	117	52	18	59	119	91	0.8310
0.8	109	100	63	123	126	77	16	68	104	61	98	114	20	95	21	107	53	88	93	51	79	5	82	7	44	72	10	4	13	111	84	119	17	24	94	2	116	80	74	40	26	106	97	113	25	121	6	18	73	11	56	32	50	31	60	37	81	71	38	85	36	90	103	91	75	35	69	125	96	15	23	57	46	92	67	49	3	45	54	76	89	70	118	112	47	48	42	39	34	83	27	9	30	102	105	86	58	33	62	43	101	59	0.8253
0.8	25	127	27	61	24	72	96	14	38	23	18	2	31	109	90	116	40	103	58	6	99	37	81	78	39	111	17	63	92	120	60	68	50	84	86	76	56	80	29	102	26	47	115	124	3	89	66	54	16	44	43	119	34	15	113	82	48	69	65	0	52	9	36	45	7	106	121	19	20	91	55	21	4	118	110	49	11	75	67	73	105	125	41	108	46	97	62	112	87	32	117	94	10	53	1	79	64	28	107	101	42	83	0.8175
0.8	17	1	29	103	8	83	62	39	57	115	52	24	73	12	63	99	36	84	91	88	108	4	119	90	107	79	56	109	0	9	66	122	117	37	74	15	50	53	2	72	75	68	46	58	14	5	35	19	47	48	69	80	44	111	59	51	97	28	18	26	114	100	121	120	13	102	85	95	54	112	106	127	31	78	49	41	124	40	33	20	125	23	92	43	38	81	21	113	6	16	76	94	45	67	96	32	116	11	64	30	89	65	0.8232
0.8	106	43	42	60	7	57	62	122	59	28	90	49	87	97	95	58	115	124	20	75	96	123	121	65	48	44	51	120	118	41	61	8	104	66	40	72	29	17	10	4	0	100	56	47	70	64	50	3	74	94	112	89	84	46	53	116	83	79	30	73	88	45	13	27	125	77	26	103	54	69	81	107	78	34	35	15	19	23	37	1	98	93	101	108	110	25	21	6	67	39	117	22	114	55	68	31	113	71	14	92	85	109	0.8187
0.8	57	79	101	53	61	11	31	23	114	86	14	105	54	26	67	77	38	123	126	48	111	72	97	117	92	87	80	15	41	33	118	103	27	55	9	70	49	28	83	120	115	85	113	16	65	127	110	19	50	98	82	94	84	104	78	63	52	119	107	59	39	124	116	88	7	42	44	56	22	35	106	37	36	3	93	1	10	4	60	2	99	5	89	66	24	108	40	13	96	109	68	46	69	74	43	29	102	0	34	73	75	62	0.8212
0.8	71	14	115	81	46	103	23	95	80	35	116	34	68	44	13	50	106	94	84	114	25	24	96	29	27	63	93	61	6	32	7	48	100	62	65	126	120	69	4	0	89	98	33	75	109	8	122	57	37	19	112	41	53	55	70	56	119	82	102	39	105	85	88	45	67	52	11	36	104	99	28	22	101	123	91	127	111	49	38	64	66	12	2	43	5	92	108	18	73	16	83	20	40	15	90	42	74	31	118	58	97	77	0.8048
0.8	88	84	67	50	91	66	68	87	8	21	111	72	124	16	65	38	20	98	99	23	94	116	127	112	96	61	9	36	79	35	97	11	126	48	24	118	117	76	6	80	125	106	59	78	29	101	44	107	73	18	92	2	110	86	39	74	70	22	109	93	52	27	113	55	28	105	53	115	15	14	123	77	25	42	45	85	47	10	19	32	75	57	71	30	89	121	43	7	56	63	95	31	33	64	62	51	1	60	0	46	13	49	0.8089
0.8	120	81	101	44	37	78	54	65	96	67	2	38	68	105	57	19	6	102	5	59	87	16	113	127	110	70	117	12	75	26	8	7	118	32	86	109	30	47	51	4	41	46	45	29	13	82	76	53	24	49	17	115	61	20	93	31	55	1	126	88	63	103	58	40	73	119	107	122	124	14	111	43	74	21	104	0	28	64	71	56	85	15	125	114	66	60	36	89	23	123	90	35	25	27	79	48	18	22	92	80	84	100	0.8253
0.8	108	5	73	82	125	9	0	36	99	40	114	92	65	6	60	24	1	48	53	16	50	44	31	93	52	13	15	35	11	42	7	87	72	96	43	26	20	112	126	123	101	22	33	102	10	46	4	81	104	27	71	56	38	32	83	84	62	79	41	122	97	51	107	30	78	21	106	119	8	59	47	88	109	58	85	110	3	23	105	45	95	121	17	75	124	54	34	120	103	61	2	64	100	19	67	80	76	77	116	29	89	66	0.8101
0.8	81	63	69	24	11	83	107	43	82	32	74	9	64	110	65	17	96	100	35	71	56	47	36	106	12	28	27	41	40	66	90	80	37	14	115	127	116	44	67	55	105	50	52	68	86	8	10	51	15	97	117	126	23	25	30	7	21	16	101	121	98	34	85	70	119	33	99	61	111	4	54	6	89	79	77	125	2	91	53	22	72	20	124	78	19	92	60	87	102	76	0	49	84	38	75	39	46	108	31	95	123	1	0.8281
0.8	8	121	59	110	47	37	73	56	4	124	61	107	55	85	20	60	81	92	103	100	96	11	7	48	44	104	1	10	114	75	40	95	17	86	117	22	32	28	23	65	15	87	111	89	122	79	6	108	14	46	123	90	64	126	119	51	0	9	101	66	115	94	36	42	30	54	33	18	83	63	53	52	99	43	13	97	93	19	26	16	49	39	69	91	45	24	109	120	84	76	113	105	98	12	5	80	29	21	71	50	77	78	0.8183
0.8	61	47	103	115	102	14	76	29	43	111	22	100	113	117	70	50	122	108	38	84	109	90	44	94	124	6	30	24	75	89	106	99	95	72	16	33	5	88	92	1	25	32	40	64	74	51	37	62	3	98	104	60	65	66	127	20	77	126	78	21	19	27	17	96	15	41	114	53	34	119	55	52	26	0	116	10	112	83	82	12	87	105	2	49	18	35	11	121	4	101	46	45	120	31	59	123	68	23	36	39	54	63	0.8154
0.8	102	111	88	97	93	63	45	116	21	123	20	81	91	27	41	1	14	100	68	78	3	19	77	6	26	31	8	0	80	89	56	58	38	96	2	12	61	64	105	11	18	10	117	50	104	90	13	121	109	34	83	28	35	7	95	85	110	23	37	113	73	17	65	74	118	54	70	106	120	36	127	16	57	115	124	24	46	122	69	98	52	44	125	82	49	29	86	25	99	126	114	33	76	107	9	87	5	40	103	92	72	101	0.8138
0.8	13	89	4	36	119	52	49	64	84	34	67	104	107	94	86	76	90	80	109	39	85	48	118	88	73	42	72	110	56	20	127	66	79	117	8	112	16	30	111	114	60	113	17	121	41	126	77	46	58	35	37	116	14	65	124	74	21	102	97	122	123	22	78	83	19	93	25	38	100	91	10	62	26	99	71	45	59	0	75	24	108	18	29	82	55	12	54	98	70	57	63	103	51	43	31	87	2	115	15	96	7	32	0.8134
0.8	25	42	36	19	68	10	23	18	37	84	106	121	117	97	49	48	0	94	115	62	74	45	73	52	88	111	113	89	55	41	34	116	3	63	29	40	2	85	109	76	47	8	27	120	107	64	123	67	99	17	43	60	66	9	21	124	58	53	118	1	13	112	80	92	102	86	81	5	96	87	101	103	90	15	125	93	31	11	12	82	98	100	57	24	54	69	127	91	119	46	105	16	4	104	35	56	59	14	61	114	75	28	0.8117
0.8	15	50	97	54	120	101	14	18	43	102	44	78	113	109	106	51	98	100	4	39	29	37	111	110	53	31	30	3	79	107	122	25	17	64	6	21	71	115	124	89	8	112	0	87	24	13	59	22	40	52	48	20	11	45	1	85	60	2	117	99	77	73	72	118	63	19	93	125	80	105	103	9	83	92	34	16	90	57	116	91	94	62	47	26	12	46	70	95	55	74	86	75	119	41	65	82	108	126	10	84	127	114	0.8183
0.8	107	36	86	0	62	31	25	54	102	85	76	114	43	95	2	73	90	8	118	26	91	52	66	46	21	39	94	123	77	67	47	5	18	117	103	13	122	48	99	88	64	110	82	96	113	30	10	121	61	72	19	44	4	33	84	35	116	63	56	20	106	68	108	28	59	11	41	120	70	98	49	92	22	100	58	71	34	37	57	81	16	80	24	9	111	15	125	101	29	74	51	78	93	127	3	27	89	45	7	83	32	75	0.8183
0.8	79	120	29	126	28	123	25	66	118	69	27	98	121	37	35	85	71	86	89	84	23	100	22	56	117	14	12	10	58	53	59	60	125	31	116	7	45	51	88	3	68	24	39	9	75	70	113	96	13	76	4	43	104	77	49	78	52	5	38	92	91	82	122	1	90	107	36	47	124	105	48	62	6	63	83	2	111	18	114	30	65	26	16	94	74	19	115	41	103	109	8	55	20	110	64	80	42	44	81	73	57	95	0.8019
0.8	26	118	117	110	124	40	100	52	12	9	99	104	72	106	21	11	51	83	30	4	98	71	126	77	91	17	36	6	53	76	108	92	28	61	5	23	89	47	43	37	41	82	74	38	18	67	107	66	10	34	85	7	8	44	45	32	69	95	114	121	90	59	94	96	25	127	46	39	88	60	49	86	102	68	31	87	84	20	97	58	42	115	111	78	56	93	101	24	62	3	119	116	105	123	54	19	0	80	2	13	125	33	0.8056
0.8	14	70	87	31	111	96	5	43	38	3	82	16	22	11	41	64	17	122	1	116	108	102	97	18	84	77	123	57	92	32	79	94	85	95	126	47	71	28	127	88	110	113	118	24	104	99	105	33	50	20	65	46	120	0	68	100	15	112	124	49	53	78	48	117	37	75	63	7	62	66	115	42	114	35	58	72	10	67	29	21	121	8	54	6	119	73	30	39	103	9	90	61	23	59	56	125	52	107	69	19	101	26	0.8265
0.8	6	8	46	87	1	127	16	117	65	108	37	49	55	121	78	9	52	80	100	36	33	3	27	105	61	10	44	118	106	103	96	34	7	68	98	53	29	85	12	126	35	107	79	116	11	62	88	58	25	72	30	56	23	2	83	67	15	84	42	77	64	19	122	76	0	48	114	123	40	4	18	102	41	110	13	82	119	45	5	31	54	21	59	125	99	38	92	74	26	113	111	28	63	32	124	109	17	43	81	115	60	90	0.8253
0.8	108	5	68	62	27	53	99	61	57	6	121	4	18	72	93	10	8	101	54	46	29	89	34	77	92	21	75	38	15	14	48	24	22	25	3	87	78	124	117	102	127	64	60	69	56	113	126	66	118	125	109	11	94	47	98	19	110	50	73	100	20	76	7	67	1	86	59	96	63	122	2	112	120	39	84	36	43	104	33	12	52	9	70	105	17	30	45	90	35	85	82	31	107	51	123	44	71	81	32	79	28	116	0.7953
0.8	27	91	51	114	3	28	93	40	122	103	13	73	30	35	57	34	69	41	8	90	125	85	94	99	115	61	4	46	95	72	14	55	108	87	2	6	127	17	113	11	104	59	43	36	7	70	42	120	106	26	100	78	89	19	102	65	9	15	58	121	86	53	25	107	29	117	109	32	75	62	124	47	97	45	64	80	37	110	98	101	54	105	112	66	71	52	96	88	38	126	111	67	82	48	84	92	39	16	12	56	0	50	0.8212
0.8	105	59	29	118	12	76	115	8	52	109	113	40	36	43	62	56	28	35	87	98	9	61	64	77	116	123	16	119	57	6	11	47	71	65	97	41	108	74	106	23	91	42	0	14	114	107	20	63	26	79	67	3	83	60	32	39	110	84	120	73	48	46	99	70	37	93	111	21	50	15	44	2	31	5	90	53	7	85	95	22	86	55	78	126	72	34	49	54	13	82	96	24	51	103	122	124	101	75	69	112	38	27	0.8093
0.8	34	81	119	50	83	60	51	102	101	97	19	15	108	57	13	41	90	0	53	86	25	100	68	26	56	93	107	84	49	70	62	80	48	54	72	44	20	115	69	110	17	106	36	123	117	52	61	6	63	1	78	14	88	16	96	114	73	118	64	120	9	5	35	3	103	31	10	91	125	94	105	127	47	112	65	2	4	85	37	122	23	59	28	126	33	121	92	55	32	104	87	58	71	98	116	67	111	74	8	12	7	22	0.8175
0.8	57	52	42	40	30	106	39	89	72	9	127	101	105	69	113	73	94	33	66	50	81	86	8	11	99	36	80	38	15	28	56	110	58	78	64	117	76	53	19	10	114	13	124	7	68	60	125	12	54	62	79	82	98	93	120	75	22	71	87	32	45	18	112	122	104	65	43	70	1	27	46	95	41	48	91	100	6	126	35	74	96	2	109	16	108	23	118	115	63	44	0	61	49	55	51	119	3	116	26	97	90	29	0.8105
0.8	92	68	44	105	62	48	21	123	119	22	82	24	8	10	33	72	77	39	76	26	98	61	20	50	97	74	94	126	104	59	58	38	40	125	30	29	103	84	54	67	73	23	18	115	56	4	11	81	47	71	80	64	95	25	17	13	19	53	35	3	69	14	111	83	117	93	109	52	90	49	85	110	78	0	45	96	120	41	42	46	9	31	28	65	55	116	87	32	89	91	2	86	127	70	106	1	6	114	124	51	37	34	0.8183
